14535.106956 *** Booting nRF Connect SDK v3.4.1-b20f8619ba9a ***
14535.106956 *** Using Zephyr OS v4.4.2-33fa6a7aac6a ***
14535.106956 X 1 373 -874 00010001
14535.107344 S 0 16000148 -924 16000148
14535.107344 S 1 16000147 -918 32000295
14535.107344 S 2 16000148 -924 48000443
14535.107344 S 3 16000148 -924 64000591
14535.107464 S 4 16000148 -924 80000739
14535.107464 S 5 16000148 -924 96000887
14535.956416 S 6 16000147 -918 112001034
14536.962230 S 7 16000148 -924 128001182
14537.967855 S 8 16000148 -924 144001330
14538.953496 S 9 16000147 -918 160001477
14538.953496 X 1 373 -874 00010001
14539.959325 S 10 16000148 -924 176001625
14540.965013 S 11 16000148 -924 192001773
14541.950554 S 12 16000149 -931 208001922
14542.956272 S 13 16000147 -918 224002069
14543.962124 S 14 16000149 -931 240002218
14544.967636 S 15 16000147 -918 256002365
14545.953409 S 16 16000149 -931 272002514
14546.958985 S 17 16000148 -924 288002662
14547.964725 S 18 16000148 -924 304002810
14548.950253 S 19 16000148 -924 320002958
14548.950253 X 1 373 -874 00010001
14549.956127 S 20 16000147 -918 336003105
14550.961875 S 21 16000149 -931 352003254
14551.967527 S 22 16000148 -924 368003402
14552.953131 S 23 16000148 -924 384003550
14553.958891 S 24 16000148 -924 400003698
14554.964590 S 25 16000149 -931 416003847
14555.950196 S 26 16000146 -912 432003993
14556.955948 S 27 16000149 -931 448004142
14557.961643 S 28 16000148 -924 464004290
14558.967329 S 29 16000148 -924 480004438
14558.967329 X 1 373 -874 00010001
14559.953023 S 30 16000149 -931 496004587
14560.958769 S 31 16000146 -912 512004733
14561.964372 S 32 16000149 -931 528004882
14562.949998 S 33 16000148 -924 544005030
14563.955810 S 34 16000149 -931 560005179
14564.961467 S 35 16000148 -924 576005327
14565.967224 S 36 16000147 -918 592005474
14566.952780 S 37 16000149 -931 608005623
14567.958450 S 38 16000148 -924 624005771
14568.964222 S 39 16000148 -924 640005919
14568.964222 X 1 373 -874 00010001
14569.949920 S 40 16000148 -924 656006067
14570.955635 S 41 16000148 -924 672006215
14571.961267 S 42 16000148 -924 688006363
14572.967200 S 43 16000148 -924 704006511
14573.952597 S 44 16000148 -924 720006659
14574.958280 S 45 16000148 -924 736006807
14575.963982 S 46 16000148 -924 752006955
14576.949513 S 47 16000148 -924 768007103
14577.955318 S 48 16000149 -931 784007252
14578.961082 S 49 16000147 -918 800007399
14578.961082 X 1 373 -874 00010001
14579.966875 S 50 16000149 -931 816007548
14580.952431 S 51 16000148 -924 832007696
14581.958277 S 52 16000147 -918 848007843
14582.963902 S 53 16000149 -931 864007992
14583.949518 S 54 16000148 -924 880008140
14584.955254 S 55 16000148 -924 896008288
14585.960817 S 56 16000148 -924 912008436
14586.966670 S 57 16000147 -918 928008583
14587.952181 S 58 16000150 -937 944008733
14588.957935 S 59 16000147 -918 960008880
14588.957935 X 1 373 -874 00010001
14589.963701 S 60 16000148 -924 976009028
14590.949332 S 61 16000148 -924 992009176
14591.955088 S 62 16000148 -924 1008009324
14592.960826 S 63 16000148 -924 1024009472
14593.966503 S 64 16000149 -931 1040009621
14594.952045 S 65 16000147 -918 1056009768
14595.957872 S 66 16000149 -931 1072009917
14596.963539 S 67 16000147 -918 1088010064
14597.949293 S 68 16000149 -931 1104010213
14598.955072 S 69 16000148 -924 1120010361
14598.955072 X 1 373 -874 00010001
14599.960821 S 70 16000148 -924 1136010509
14600.946443 S 71 16000148 -924 1152010657
14601.952192 S 72 16000148 -924 1168010805
14602.958024 S 73 16000148 -924 1184010953
14603.963676 S 74 16000148 -924 1200011101
14604.949265 S 75 16000148 -924 1216011249
14605.955009 S 76 16000148 -924 1232011397
14606.960649 S 77 16000149 -931 1248011546
14607.946200 S 78 16000147 -918 1264011693
14608.952109 S 79 16000149 -931 1280011842
14608.952109 X 1 373 -874 00010001
14609.957859 S 80 16000148 -924 1296011990
14610.963666 S 81 16000148 -924 1312012138
14611.949413 S 82 16000148 -924 1328012286
14612.954958 S 83 16000147 -918 1344012433
14613.960540 S 84 16000149 -931 1360012582
14614.946331 S 85 16000148 -924 1376012730
14615.952029 S 86 16000148 -924 1392012878
14616.957685 S 87 16000148 -924 1408013026
14617.963468 S 88 16000147 -918 1424013173
14618.949042 S 89 16000149 -931 1440013322
14618.949042 X 1 373 -874 00010001
14619.954903 S 90 16000148 -924 1456013470
14620.960660 S 91 16000148 -924 1472013618
14621.946203 S 92 16000149 -931 1488013767
14622.951951 S 93 16000147 -918 1504013914
14623.957738 S 94 16000149 -931 1520014063
14624.963419 S 95 16000148 -924 1536014211
14625.949022 S 96 16000148 -924 1552014359
14626.954766 S 97 16000148 -924 1568014507
14627.960423 S 98 16000148 -924 1584014655
14628.946192 S 99 16000148 -924 1600014803
14628.946192 X 1 373 -874 00010001
14629.951942 S 100 16000148 -924 1616014951
14630.957665 S 101 16000148 -924 1632015099
14631.963360 S 102 16000148 -924 1648015247
14632.949144 S 103 16000149 -931 1664015396
14633.954885 S 104 16000147 -918 1680015543
14634.960528 S 105 16000148 -924 1696015691
14635.946185 S 106 16000148 -924 1712015839
14636.951912 S 107 16000149 -931 1728015988
14637.957683 S 108 16000148 -924 1744016136
14638.963281 S 109 16000147 -918 1760016283
14638.963281 X 1 373 -874 00010001
14639.949154 S 110 16000148 -924 1776016431
14640.954824 S 111 16000149 -931 1792016580
14641.960638 S 112 16000148 -924 1808016728
14642.946201 S 113 16000148 -924 1824016876
14643.951953 S 114 16000147 -918 1840017023
14644.957741 S 115 16000149 -931 1856017172
14645.963442 S 116 16000148 -924 1872017320
14646.949029 S 117 16000148 -924 1888017468
14647.954649 S 118 16000148 -924 1904017616
14648.960571 S 119 16000148 -924 1920017764
14648.960571 X 1 373 -874 00010001
14649.946234 S 120 16000148 -924 1936017912
14650.952194 S 121 16000148 -924 1952018060
14651.957856 S 122 16000148 -924 1968018208
14652.943435 S 123 16000148 -924 1984018356
14653.949060 S 124 16000148 -924 2000018504
14654.954912 S 125 16000148 -924 2016018652
14655.960572 S 126 16000148 -924 2032018800
14656.946276 S 127 16000148 -924 2048018948
14657.951968 S 128 16000148 -924 2064019096
14658.957696 S 129 16000148 -924 2080019244
14658.957696 X 1 373 -874 00010001
14659.943494 S 130 16000148 -924 2096019392
14660.949219 S 131 16000148 -924 2112019540
14661.954871 S 132 16000148 -924 2128019688
14662.960606 S 133 16000148 -924 2144019836
14663.946309 S 134 16000148 -924 2160019984
14664.952137 S 135 16000147 -918 2176020131
14665.957741 S 136 16000149 -931 2192020280
14666.943300 S 137 16000148 -924 2208020428
14667.949236 S 138 16000148 -924 2224020576
14668.954912 S 139 16000149 -931 2240020725
14668.954912 X 1 373 -874 00010001
14669.960632 S 140 16000146 -912 2256020871
14670.946345 S 141 16000149 -931 2272021020
14671.952112 S 142 16000148 -924 2288021168
14672.957837 S 143 16000148 -924 2304021316
14673.943509 S 144 16000149 -931 2320021465
14674.949255 S 145 16000146 -912 2336021611
14675.954924 S 146 16000149 -931 2352021760
14676.960666 S 147 16000148 -924 2368021908
14677.946295 S 148 16000148 -924 2384022056
14678.952012 S 149 16000148 -924 2400022204
14678.952012 X 1 373 -874 00010001
14679.957979 S 150 16000148 -924 2416022352
14680.943556 S 151 16000147 -918 2432022499
14681.949299 S 152 16000149 -931 2448022648
14682.955122 S 153 16000148 -924 2464022796
14683.960663 S 154 16000148 -924 2480022944
14684.946403 S 155 16000148 -924 2496023092
14685.952155 S 156 16000148 -924 2512023240
14686.957853 S 157 16000148 -924 2528023388
14687.943473 S 158 16000148 -924 2544023536
14688.949299 S 159 16000148 -924 2560023684
14688.949299 X 1 373 -874 00010001
14689.955127 S 160 16000147 -918 2576023831
14690.940859 S 161 16000149 -931 2592023980
14691.946558 S 162 16000148 -924 2608024128
14692.952237 S 163 16000148 -924 2624024276
14693.957985 S 164 16000148 -924 2640024424
14694.943472 S 165 16000147 -918 2656024571
14695.949346 S 166 16000149 -931 2672024720
14696.955085 S 167 16000148 -924 2688024868
14697.940742 S 168 16000148 -924 2704025016
14698.946531 S 169 16000148 -924 2720025164
14698.946531 X 1 373 -874 00010001
14699.952356 S 170 16000147 -918 2736025311
14700.958204 S 171 16000148 -924 2752025459
14701.943747 S 172 16000149 -931 2768025608
14702.949396 S 173 16000148 -924 2784025756
14703.955152 S 174 16000148 -924 2800025904
14704.940806 S 175 16000148 -924 2816026052
14705.946523 S 176 16000148 -924 2832026200
14706.952155 S 177 16000148 -924 2848026348
14707.958038 S 178 16000148 -924 2864026496
14708.943739 S 179 16000148 -924 2880026644
14708.943739 X 1 373 -874 00010001
14709.949537 S 180 16000148 -924 2896026792
14710.955318 S 181 16000148 -924 2912026940
14711.940814 S 182 16000148 -924 2928027088
14712.946608 S 183 16000148 -924 2944027236
14713.952458 S 184 16000148 -924 2960027384
14714.958152 S 185 16000148 -924 2976027532
14715.943789 S 186 16000148 -924 2992027680
14716.949566 S 187 16000148 -924 3008027828
14717.955196 S 188 16000148 -924 3024027976
14718.940870 S 189 16000148 -924 3040028124
14718.940870 X 1 373 -874 00010001
14719.946830 S 190 16000148 -924 3056028272
14720.952442 S 191 16000148 -924 3072028420
14721.958159 S 192 16000147 -918 3088028567
14722.943887 S 193 16000149 -931 3104028716
14723.949483 S 194 16000148 -924 3120028864
14724.955246 S 195 16000148 -924 3136029012
14725.940965 S 196 16000148 -924 3152029160
14726.946699 S 197 16000147 -918 3168029307
14727.952305 S 198 16000149 -931 3184029456
14728.958016 S 199 16000148 -924 3200029604
14728.958016 X 1 373 -874 00010001
14729.943918 S 200 16000147 -918 3216029751
14730.949705 S 201 16000149 -931 3232029900
14731.955479 S 202 16000146 -912 3248030046
14732.940916 S 203 16000149 -931 3264030195
14733.946746 S 204 16000148 -924 3280030343
14734.952478 S 205 16000148 -924 3296030491
14735.938132 S 206 16000148 -924 3312030639
14736.943883 S 207 16000147 -918 3328030786
14737.949691 S 208 16000149 -931 3344030935
14738.955446 S 209 16000148 -924 3360031083
14738.955446 X 1 373 -874 00010001
14739.941233 S 210 16000148 -924 3376031231
14740.946865 S 211 16000148 -924 3392031379
14741.952622 S 212 16000148 -924 3408031527
14742.938162 S 213 16000148 -924 3424031675
14743.943863 S 214 16000147 -918 3440031822
14744.949838 S 215 16000149 -931 3456031971
14745.955487 S 216 16000148 -924 3472032119
14746.941056 S 217 16000148 -924 3488032267
14747.946822 S 218 16000148 -924 3504032415
14748.952591 S 219 16000147 -918 3520032562
14748.952591 X 1 373 -874 00010001
14749.938259 S 220 16000148 -924 3536032710
14750.944047 S 221 16000148 -924 3552032858
14751.949646 S 222 16000149 -931 3568033007
14752.955509 S 223 16000147 -918 3584033154
14753.941192 S 224 16000148 -924 3600033302
14754.946808 S 225 16000149 -931 3616033451
14755.952580 S 226 16000147 -918 3632033598
14756.938177 S 227 16000149 -931 3648033747
14757.943796 S 228 16000146 -912 3664033893
14758.949600 S 229 16000149 -931 3680034042
14758.949600 X 1 373 -874 00010001
14759.955598 S 230 16000148 -924 3696034190
14760.941106 S 231 16000148 -924 3712034338
14761.946915 S 232 16000148 -924 3728034486
14762.952794 S 233 16000147 -918 3744034633
14763.938344 S 234 16000149 -931 3760034782
14764.944198 S 235 16000148 -924 3776034930
14765.949793 S 236 16000147 -918 3792035077
14766.955343 S 237 16000149 -931 3808035226
14767.941011 S 238 16000147 -918 3824035373
14768.946876 S 239 16000148 -924 3840035521
14768.946876 X 1 373 -874 00010001
14769.952699 S 240 16000148 -924 3856035669
14770.938260 S 241 16000148 -924 3872035817
14771.944205 S 242 16000148 -924 3888035965
14772.949920 S 243 16000148 -924 3904036113
14773.935510 S 244 16000147 -918 3920036260
14774.941065 S 245 16000148 -924 3936036408
14775.946828 S 246 16000148 -924 3952036556
14776.952530 S 247 16000148 -924 3968036704
14777.938273 S 248 16000148 -924 3984036852
14778.944085 S 249 16000147 -918 4000036999
14778.944085 X 1 373 -874 00010001
14779.949981 S 250 16000148 -924 4016037147
14780.935684 S 251 16000148 -924 4032037295
14781.941327 S 252 16000147 -918 4048037442
14782.947090 S 253 16000148 -924 4064037590
14783.952914 S 254 16000147 -918 4080037737
14784.938572 S 255 16000149 -931 4096037886
14785.944298 S 256 16000147 -918 4112038033
14786.949882 S 257 16000148 -924 4128038181
14787.935560 S 258 16000149 -931 4144038330
14788.941338 S 259 16000146 -912 4160038476
14788.941338 X 1 373 -874 00010001
14789.947232 S 260 16000149 -931 4176038625
14790.952955 S 261 16000148 -924 4192038773
14791.938566 S 262 16000148 -924 4208038921
14792.944291 S 263 16000147 -918 4224039068
14793.950192 S 264 16000147 -918 4240039215
14794.935642 S 265 16000149 -931 4256039364
14795.941341 S 266 16000147 -918 4272039511
14796.947091 S 267 16000148 -924 4288039659
14797.952804 S 268 16000148 -924 9072511
14798.938494 S 269 16000148 -924 25072659
14798.938494 X 1 373 -874 00010001
14799.944384 S 270 16000147 -918 41072806
14800.949963 S 271 16000148 -924 57072954
14801.935480 S 272 16000148 -924 73073102
14802.941268 S 273 16000148 -924 89073250
14803.947022 S 274 16000147 -918 105073397
14804.952692 S 275 16000148 -924 121073545
14805.938251 S 276 16000147 -918 137073692
14806.944045 S 277 16000148 -924 153073840
14807.949654 S 278 16000148 -924 169073988
14808.935413 S 279 16000148 -924 185074136
14808.935413 X 1 373 -874 00010001
14809.941204 S 280 16000147 -918 201074283
14810.946993 S 281 16000148 -924 217074431
14811.952756 S 282 16000148 -924 233074579
14812.938275 S 283 16000147 -918 249074726
14813.944015 S 284 16000148 -924 265074874
14814.949510 S 285 16000148 -924 281075022
14815.935248 S 286 16000147 -918 297075169
14816.940963 S 287 16000148 -924 313075317
14817.946639 S 288 16000148 -924 329075465
14818.952447 S 289 16000148 -924 345075613
14818.952447 X 1 373 -874 00010001
14819.938132 S 290 16000147 -918 361075760
14820.943830 S 291 16000148 -924 377075908
14821.949503 S 292 16000148 -924 393076056
14822.935113 S 293 16000148 -924 409076204
14823.940791 S 294 16000148 -924 425076352
14824.946530 S 295 16000146 -912 441076498
14825.952138 S 296 16000149 -931 457076647
14826.937837 S 297 16000148 -924 473076795
14827.943640 S 298 16000147 -918 489076942
14828.949275 S 299 16000147 -918 505077089
14828.949275 X 1 373 -874 00010001
14829.934950 S 300 16000149 -931 521077238
14830.940827 S 301 16000147 -918 537077385
14831.946386 S 302 16000148 -924 553077533
14832.932195 S 303 16000148 -924 569077681
14833.937886 S 304 16000148 -924 585077829
14834.943563 S 305 16000148 -924 601077977
14835.949342 S 306 16000147 -918 617078124
14836.934821 S 307 16000149 -931 633078273
14837.940579 S 308 16000148 -924 649078421
14838.946409 S 309 16000147 -918 665078568
14838.946409 X 1 373 -874 00010001
14839.932058 S 310 16000148 -924 681078716
14840.937823 S 311 16000148 -924 697078864
14841.943375 S 312 16000148 -924 713079012
14842.949203 S 313 16000147 -918 729079159
14843.935017 S 314 16000148 -924 745079307
14844.940687 S 315 16000148 -924 761079455
14845.946421 S 316 16000148 -924 777079603
14846.932083 S 317 16000147 -918 793079750
14847.937836 S 318 16000149 -931 809079899
14848.943529 S 319 16000147 -918 825080046
14848.943529 X 1 373 -874 00010001
14849.949369 S 320 16000148 -924 841080194
14850.935035 S 321 16000147 -918 857080341
14851.940611 S 322 16000149 -931 873080490
14852.946485 S 323 16000147 -918 889080637
14853.932022 S 324 16000148 -924 905080785
14854.937774 S 325 16000149 -931 921080934
14855.943438 S 326 16000146 -912 937081080
14856.949190 S 327 16000148 -924 953081228
14857.934792 S 328 16000148 -924 969081376
14858.940476 S 329 16000148 -924 985081524
14858.940476 X 1 373 -874 00010001
14859.946369 S 330 16000148 -924 1001081672
14860.931918 S 331 16000146 -912 1017081818
14861.937826 S 332 16000149 -931 1033081967
14862.943377 S 333 16000148 -924 1049082115
14863.949218 S 334 16000148 -924 1065082263
14864.934918 S 335 16000148 -924 1081082411
14865.940614 S 336 16000147 -918 1097082558
14866.946263 S 337 16000148 -924 1113082706
14867.931876 S 338 16000148 -924 1129082854
14868.937652 S 339 16000148 -924 1145083002
14868.937652 X 1 373 -874 00010001
14869.943468 S 340 16000148 -924 1161083150
14870.949187 S 341 16000147 -918 1177083297
14871.934943 S 342 16000148 -924 1193083445
14872.940696 S 343 16000148 -924 1209083593
14873.946303 S 344 16000148 -924 1225083741
14874.932136 S 345 16000148 -924 1241083889
14875.937845 S 346 16000147 -918 1257084036
14876.943548 S 347 16000148 -924 1273084184
14877.949274 S 348 16000148 -924 1289084332
14878.934931 S 349 16000148 -924 1305084480
14878.934931 X 1 373 -874 00010001
14879.940839 S 350 16000148 -924 1321084628
14880.946552 S 351 16000147 -918 1337084775
14881.932111 S 352 16000148 -924 1353084923
14882.937827 S 353 16000147 -918 1369085070
14883.943507 S 354 16000148 -924 1385085218
14884.929159 S 355 16000148 -924 1401085366
14885.934846 S 356 16000148 -924 1417085514
14886.940781 S 357 16000147 -918 1433085661
14887.946434 S 358 16000148 -924 1449085809
14888.932096 S 359 16000148 -924 1465085957
14888.932096 X 1 373 -874 00010001
14889.938040 S 360 16000148 -924 1481086105
14890.943770 S 361 16000148 -924 1497086253
14891.929239 S 362 16000146 -912 1513086399
14892.934976 S 363 16000149 -931 1529086548
14893.940799 S 364 16000148 -924 1545086696
14894.946422 S 365 16000148 -924 1561086844
14895.932142 S 366 16000148 -924 1577086992
14896.937981 S 367 16000147 -918 1593087139
14897.943601 S 368 16000148 -924 1609087287
14898.929193 S 369 16000148 -924 1625087435
14898.929193 X 1 373 -874 00010001
14899.934972 S 370 16000148 -924 1641087583
14900.940899 S 371 16000148 -924 1657087731
14901.946686 S 372 16000147 -918 1673087878
14902.932227 S 373 16000148 -924 1689088026
14903.938085 S 374 16000148 -924 1705088174
14904.943826 S 375 16000147 -918 1721088321
14905.929412 S 376 16000148 -924 1737088469
14906.935091 S 377 16000147 -918 1753088616
14907.940697 S 378 16000148 -924 1769088764
14908.946621 S 379 16000148 -924 1785088912
14908.946621 X 1 373 -874 00010001
14909.932356 S 380 16000148 -924 1801089060
14910.938141 S 381 16000148 -924 1817089208
14911.943818 S 382 16000147 -918 1833089355
14912.929276 S 383 16000147 -918 1849089502
14913.935110 S 384 16000148 -924 1865089650
14914.940816 S 385 16000148 -924 1881089798
14915.946648 S 386 16000148 -924 1897089946
14916.932317 S 387 16000148 -924 1913090094
14917.938012 S 388 16000147 -918 1929090241
14918.943801 S 389 16000148 -924 1945090389
14918.943801 X 1 373 -874 00010001
14919.929419 S 390 16000148 -924 1961090537
14920.935357 S 391 16000148 -924 1977090685
14921.940981 S 392 16000147 -918 1993090832
14922.926683 S 393 16000147 -918 2009090979
14923.932358 S 394 16000149 -931 2025091128
14924.938118 S 395 16000147 -918 2041091275
14925.943844 S 396 16000148 -924 2057091423
14926.929547 S 397 16000148 -924 2073091571
14927.935248 S 398 16000146 -912 2089091717
14928.940956 S 399 16000149 -931 2105091866
14928.940956 X 1 373 -874 00010001
14929.926789 S 400 16000148 -924 2121092014
14930.932510 S 401 16000147 -918 2137092161
14931.938281 S 402 16000148 -924 2153092309
14932.943952 S 403 16000148 -924 2169092457
14933.929472 S 404 16000147 -918 2185092604
14934.935325 S 405 16000149 -931 2201092753
14935.940899 S 406 16000147 -918 2217092900
14936.926661 S 407 16000147 -918 2233093047
14937.932289 S 408 16000148 -924 2249093195
14938.938225 S 409 16000148 -924 2265093343
14938.938225 X 1 373 -874 00010001
14939.944054 S 410 16000148 -924 2281093491
14940.929665 S 411 16000148 -924 2297093639
14941.935409 S 412 16000147 -918 2313093786
14942.941170 S 413 16000147 -918 2329093933
14943.926831 S 414 16000148 -924 2345094081
14944.932412 S 415 16000148 -924 2361094229
14945.938305 S 416 16000148 -924 2377094377
14946.944029 S 417 16000148 -924 2393094525
14947.929599 S 418 16000147 -918 2409094672
14948.935412 S 419 16000147 -918 2425094819
14948.935412 X 1 373 -874 00010001
14949.941258 S 420 16000149 -931 2441094968
14950.926938 S 421 16000148 -924 2457095116
14951.932568 S 422 16000147 -918 2473095263
14952.938257 S 423 16000148 -924 2489095411
14953.944024 S 424 16000147 -918 2505095558
14954.929641 S 425 16000148 -924 2521095706
14955.935442 S 426 16000148 -924 2537095854
14956.941202 S 427 16000148 -924 2553096002
14957.926826 S 428 16000148 -924 2569096150
14958.932686 S 429 16000147 -918 2585096297
14958.932686 X 1 373 -874 00010001
14959.938522 S 430 16000148 -924 2601096445
14960.944200 S 431 16000148 -924 2617096593
14961.929910 S 432 16000148 -924 2633096741
14962.935656 S 433 16000148 -924 2649096889
14963.941234 S 434 16000147 -918 2665097036
14964.926962 S 435 16000148 -924 2681097184
14965.932554 S 436 16000148 -924 2697097332
14966.938426 S 437 16000148 -924 2713097480
14967.924052 S 438 16000148 -924 2729097628
14968.929794 S 439 16000148 -924 2745097776
14968.929794 X 1 373 -874 00010001
14969.935719 S 440 16000147 -918 2761097923
14970.941552 S 441 16000148 -924 2777098071
14971.927135 S 442 16000148 -924 2793098219
14972.932871 S 443 16000148 -924 2809098367
14973.938423 S 444 16000147 -918 2825098514
14974.924245 S 445 16000147 -918 2841098661
14975.929870 S 446 16000148 -924 2857098809
14976.935583 S 447 16000148 -924 2873098957
14977.941340 S 448 16000148 -924 2889099105
14978.926983 S 449 16000147 -918 2905099252
14978.926983 X 1 373 -874 00010001
14979.932844 S 450 16000148 -924 2921099400
14980.938612 S 451 16000147 -918 2937099547
14981.924130 S 452 16000148 -924 2953099695
14982.929833 S 453 16000148 -924 2969099843
14983.935719 S 454 16000146 -912 2985099989
14984.941399 S 455 16000149 -931 3001100138
14985.927089 S 456 16000147 -918 3017100285
14986.932832 S 457 16000148 -924 3033100433
14987.938558 S 458 16000148 -924 3049100581
14988.924055 S 459 16000147 -918 3065100728
14988.924055 X 1 373 -874 00010001
14989.930050 S 460 16000148 -924 3081100876
14990.935801 S 461 16000148 -924 3097101024
14991.941574 S 462 16000147 -918 3113101171
14992.927200 S 463 16000148 -924 3129101319
14993.932983 S 464 16000148 -924 3145101467
14994.938800 S 465 16000146 -912 3161101613
14995.924303 S 466 16000149 -931 3177101762
14996.929962 S 467 16000147 -918 3193101909
14997.935824 S 468 16000148 -924 3209102057
14998.941468 S 469 16000147 -918 3225102204
14998.941468 X 1 373 -874 00010001
14999.927237 S 470 16000147 -918 3241102351
15000.933038 S 471 16000148 -924 3257102499
15001.938834 S 472 16000148 -924 3273102647
15002.924403 S 473 16000147 -918 3289102794
15003.930176 S 474 16000149 -931 3305102943
15004.935983 S 475 16000147 -918 3321103090
15005.921438 S 476 16000147 -918 3337103237
15006.927295 S 477 16000148 -924 3353103385
15007.932890 S 478 16000148 -924 3369103533
15008.938881 S 479 16000148 -924 3385103681
15008.938881 X 1 373 -874 00010001
15009.924505 S 480 16000147 -918 3401103828
15010.930248 S 481 16000148 -924 3417103976
15011.936056 S 482 16000148 -924 3433104124
15012.921532 S 483 16000147 -918 3449104271
15013.927334 S 484 16000148 -924 3465104419
15014.933164 S 485 16000148 -924 3481104567
15015.938931 S 486 16000147 -918 3497104714
15016.924452 S 487 16000147 -918 3513104861
15017.930200 S 488 16000148 -924 3529105009
15018.935987 S 489 16000148 -924 3545105157
15018.935987 X 1 373 -874 00010001
15019.921776 S 490 16000148 -924 3561105305
15020.927527 S 491 16000146 -912 3577105451
15021.933374 S 492 16000148 -924 3593105599
15022.938984 S 493 16000148 -924 3609105747
15023.924498 S 494 16000148 -924 3625105895
15024.930337 S 495 16000148 -924 3641106043
15025.936056 S 496 16000146 -912 3657106189
15026.921697 S 497 16000148 -924 3673106337
15027.927413 S 498 16000147 -918 3689106484
15028.933135 S 499 16000148 -924 3705106632
15028.933135 X 1 373 -874 00010001
15029.939070 S 500 16000148 -924 3721106780
15030.924736 S 501 16000146 -912 3737106926
15031.930336 S 502 16000149 -931 3753107075
15032.936134 S 503 16000147 -918 3769107222
15033.921703 S 504 16000148 -924 3785107370
15034.927443 S 505 16000147 -918 3801107517
15035.933244 S 506 16000147 -918 3817107664
15036.939043 S 507 16000148 -924 3833107812
15037.924531 S 508 16000148 -924 3849107960
15038.930305 S 509 16000147 -918 3865108107
15038.930305 X 1 373 -874 00010001
15039.936325 S 510 16000148 -924 3881108255
15040.921854 S 511 16000147 -918 3897108402
15041.927629 S 512 16000148 -924 3913108550
15042.933332 S 513 16000147 -918 3929108697
15043.939121 S 514 16000148 -924 3945108845
15044.924719 S 515 16000147 -918 3961108992
15045.930429 S 516 16000148 -924 3977109140
15046.936088 S 517 16000147 -918 3993109287
15047.921777 S 518 16000148 -924 4009109435
15048.927509 S 519 16000148 -924 4025109583
15048.927509 X 1 373 -874 00010001
15049.933448 S 520 16000147 -918 4041109730
15050.919123 S 521 16000148 -924 4057109878
15051.924759 S 522 16000147 -918 4073110025
15052.930461 S 523 16000147 -918 4089110172
15053.936288 S 524 16000148 -924 4105110320
15054.921923 S 525 16000148 -924 4121110468
15055.927567 S 526 16000146 -912 4137110614
15056.933304 S 527 16000148 -924 4153110762
15057.918966 S 528 16000148 -924 4169110910
15058.924803 S 529 16000147 -918 4185111057
15058.924803 X 1 373 -874 00010001
15059.930705 S 530 16000148 -924 4201111205
15060.936466 S 531 16000148 -924 4217111353
15061.921930 S 532 16000146 -912 4233111499
15062.927725 S 533 16000148 -924 4249111647
15063.933488 S 534 16000147 -918 4265111794
15064.919095 S 535 16000148 -924 4281111942
15065.924834 S 536 16000148 -924 2144794
15066.930499 S 537 16000146 -912 18144940
15067.936287 S 538 16000148 -924 34145088
15068.921797 S 539 16000148 -924 50145236
15068.921797 X 1 373 -874 00010001
15069.927726 S 540 16000148 -924 66145384
15070.933272 S 541 16000147 -918 82145531
15071.918965 S 542 16000147 -918 98145678
15072.924738 S 543 16000148 -924 114145826
15073.930466 S 544 16000148 -924 130145974
15074.936155 S 545 16000147 -918 146146121
15075.921679 S 546 16000148 -924 162146269
15076.927344 S 547 16000147 -918 178146416
15077.932987 S 548 16000148 -924 194146564
15078.918782 S 549 16000147 -918 210146711
15078.918782 X 1 373 -874 00010001
15079.924476 S 550 16000148 -924 226146859
15080.930150 S 551 16000147 -918 242147006
15081.936072 S 552 16000148 -924 258147154
15082.921683 S 553 16000148 -924 274147302
15083.927382 S 554 16000147 -918 290147449
15084.933141 S 555 16000148 -924 306147597
15085.918785 S 556 16000147 -918 322147744
15086.924338 S 557 16000148 -924 338147892
15087.930166 S 558 16000147 -918 354148039
15088.935813 S 559 16000148 -924 370148187
15088.935813 X 1 373 -874 00010001
15089.921364 S 560 16000147 -918 386148334
15090.927139 S 561 16000148 -924 402148482
15091.933049 S 562 16000148 -924 418148630
15092.918547 S 563 16000147 -918 434148777
15093.924150 S 564 16000147 -918 450148924
15094.930059 S 565 16000148 -924 466149072
15095.935604 S 566 16000147 -918 482149219
15096.921295 S 567 16000148 -924 498149367
15097.927128 S 568 16000146 -912 514149513
15098.932740 S 569 16000148 -924 530149661
15098.932740 X 1 373 -874 00010001
15099.918408 S 570 16000147 -918 546149808
15100.924193 S 571 16000148 -924 562149956
15101.929806 S 572 16000148 -924 578150104
15102.935572 S 573 16000146 -912 594150250
15103.921131 S 574 16000148 -924 610150398
15104.926931 S 575 16000148 -924 626150546
15105.932618 S 576 16000148 -924 642150694
15106.918194 S 577 16000147 -918 658150841
15107.923942 S 578 16000146 -912 674150987
15108.929646 S 579 16000149 -931 690151136
15108.929646 X 1 373 -874 00010001
15109.915398 S 580 16000147 -918 706151283
15110.921148 S 581 16000148 -924 722151431
15111.926847 S 582 16000148 -924 738151579
15112.932619 S 583 16000146 -912 754151725
15113.918143 S 584 16000148 -924 770151873
15114.923823 S 585 16000148 -924 786152021
15115.929644 S 586 16000147 -918 802152168
15116.915186 S 587 16000148 -924 818152316
15117.920962 S 588 16000147 -918 834152463
15118.926689 S 589 16000147 -918 850152610
15118.926689 X 1 373 -874 00010001
15119.932509 S 590 16000148 -924 866152758
15120.918094 S 591 16000147 -918 882152905
15121.923869 S 592 16000148 -924 898153053
15122.929548 S 593 16000147 -918 914153200
15123.915410 S 594 16000148 -924 930153348
15124.920950 S 595 16000148 -924 946153496
15125.926683 S 596 16000147 -918 962153643
15126.932390 S 597 16000147 -918 978153790
15127.918104 S 598 16000148 -924 994153938
15128.923856 S 599 16000147 -918 1010154085
15128.923856 X 1 373 -874 00010001
15129.929619 S 600 16000147 -918 1026154232
15130.915345 S 601 16000148 -924 1042154380
15131.920973 S 602 16000148 -924 1058154528
15132.926749 S 603 16000147 -918 1074154675
15133.932459 S 604 16000147 -918 1090154822
15134.918111 S 605 16000148 -924 1106154970
15135.923920 S 606 16000148 -924 1122155118
