13866.192836 *** Booting nRF Connect SDK v3.4.1-b20f8619ba9a ***
13866.192836 *** Using Zephyr OS v4.4.2-33fa6a7aac6a ***
13866.192836 X 1 360 -874 00010001
13866.192918 S 0 16001259 -7868 16001259
13866.192918 S 1 16001514 -9461 32002773
13866.192918 S 2 16001513 -9455 48004286
13866.192918 S 3 16000670 -4187 64004956
13866.193435 S 4 16000829 -5180 80005785
13866.193435 S 5 16000880 -5499 96006665
13866.193435 S 6 16000610 -3812 112007275
13866.193435 S 7 16000671 -4193 128007946
13866.193596 S 8 16000543 -3393 144008489
13866.761945 S 9 16000712 -4449 160009201
13866.761945 X 1 360 -874 00010001
13867.767860 S 10 16000960 -5999 176010161
13868.773761 S 11 16001356 -8474 192011517
13869.759287 S 12 16001902 -11886 208013419
13870.765161 S 13 16002111 -13192 224015530
13871.770967 S 14 16002224 -13898 240017754
13872.776767 S 15 16001962 -12260 256019716
13873.762557 S 16 16001531 -9567 272021247
13874.768265 S 17 16001777 -11105 288023024
13875.774037 S 18 16001668 -10423 304024692
13876.759799 S 19 16000259 -1618 320024951
13876.759799 X 1 360 -874 00010001
13877.765531 S 20 16000078 -487 336025029
13878.771276 S 21 16000140 -874 352025169
13879.777072 S 22 16000352 -2199 368025521
13880.762511 S 23 16000111 -693 384025632
13881.768259 S 24 16000327 -2043 400025959
