13900.931155 S 26 16000173 -1081 432026591
13900.931155 S 27 16000790 -4937 448027381
13900.931155 S 28 16000886 -5537 464028267
13900.931155 S 29 16001190 -7436 480029457
13900.931679 X 1 360 -874 00010001
13900.931679 S 30 16001217 -7605 496030674
13900.931679 S 31 16000913 -5705 512031587
13900.931679 S 32 16001050 -6562 528032637
13900.932136 S 33 16001131 -7068 544033768
13900.932136 S 34 16001371 -8568 560035139
13900.932136 S 35 16000496 -3099 576035635
13900.932136 S 36 16000194 -1212 592035829
13900.932695 S 37 16000505 -3156 608036334
13900.932695 S 38 16000528 -3299 624036862
13900.932695 S 39 16000647 -4043 640037509
13900.932695 X 1 360 -874 00010001
13900.932695 S 40 16000479 -2993 656037988
13900.933125 S 41 16000404 -2524 672038392
13900.933125 S 42 16000620 -3874 688039012
13900.933125 S 43 16000485 -3031 704039497
13901.762282 S 44 16000849 -5305 720040346
13902.767924 S 45 16000666 -4162 736041012
13903.773546 S 46 16000607 -3793 752041619
13904.759205 S 47 16000584 -3649 768042203
13905.764977 S 48 16000634 -3962 784042837
13906.770707 S 49 16000422 -2637 800043259
13906.770707 X 1 360 -874 00010001
13907.776533 S 50 16000515 -3218 816043774
13908.762068 S 51 16000454 -2837 832044228
13909.767756 S 52 16000459 -2868 848044687
13910.773456 S 53 16000362 -2262 864045049
13911.759133 S 54 16000335 -2093 880045384
13912.764835 S 55 16000601 -3756 896045985
13913.770537 S 56 16000607 -3793 912046592
13914.776196 S 57 16000551 -3443 928047143
13915.761754 S 58 16000621 -3881 944047764
13916.767555 S 59 16000764 -4774 960048528
13916.767555 X 1 360 -874 00010001
13917.773438 S 60 16000617 -3856 976049145
13918.758873 S 61 16000824 -5149 992049969
13919.764688 S 62 16000696 -4349 1008050665
13920.770408 S 63 16000551 -3443 1024051216
13921.776200 S 64 16000675 -4218 1040051891
13922.761803 S 65 16000955 -5968 1056052846
13923.767418 S 66 16001021 -6380 1072053867
13924.773173 S 67 16000839 -5243 1088054706
13925.758875 S 68 16000889 -5555 1104055595
13926.764735 S 69 16000847 -5293 1120056442
13926.764735 X 1 360 -874 00010001
13927.770573 S 70 16000907 -5668 1136057349
13928.776323 S 71 16000783 -4893 1152058132
13929.761854 S 72 16000566 -3537 1168058698
13930.767639 S 73 16000379 -2368 1184059077
13931.773214 S 74 16000025 -156 1200059102
13932.758932 S 75 16000161 -1006 1216059263
13933.764660 S 76 16000108 -674 1232059371
13934.770258 S 77 16000534 -3337 1248059905
13935.775971 S 78 16000647 -4043 1264060552
13936.761641 S 79 16000768 -4799 1280061320
13936.761641 X 1 360 -874 00010001
13937.767518 S 80 16000955 -5968 1296062275
13938.773218 S 81 16000667 -4168 1312062942
13939.758724 S 82 16000819 -5118 1328063761
13940.764505 S 83 16000600 -3749 1344064361
13941.770270 S 84 16000696 -4349 1360065057
13942.775822 S 85 16000667 -4168 1376065724
13943.761586 S 86 16000883 -5518 1392066607
13944.767195 S 87 16000662 -4137 1408067269
13945.772983 S 88 16000863 -5393 1424068132
13946.759042 S 89 16000723 -4518 1440068855
13946.759042 X 1 360 -874 00010001
13947.764451 S 90 16000629 -3931 1456069484
13948.770115 S 91 16000320 -1999 1472069804
13949.775817 S 92 16000459 -2868 1488070263
13950.761442 S 93 16000698 -4362 1504070961
13951.767201 S 94 16001397 -8730 1520072358
13952.773030 S 95 16001135 -7093 1536073493
13953.758646 S 96 16000637 -3981 1552074130
13954.764364 S 97 16000446 -2787 1568074576
13955.769976 S 98 16000745 -4656 1584075321
13956.775841 S 99 16000722 -4512 1600076043
13956.775841 X 1 360 -874 00010001
13957.761715 S 100 16001274 -7961 1616077317
13958.767468 S 101 16000976 -6099 1632078293
13959.773212 S 102 16000997 -6230 1648079290
13960.758846 S 103 16000791 -4943 1664080081
13961.764639 S 104 16000688 -4299 1680080769
13962.770458 S 105 16000828 -5174 1696081597
13963.776650 S 106 16000632 -3949 1712082229
13964.761716 S 107 16000621 -3881 1728082850
13965.767475 S 108 16000540 -3374 1744083390
13966.773315 S 109 16000675 -4218 1760084065
13966.773315 X 1 360 -874 00010001
13967.759059 S 110 16000642 -4012 1776084707
13968.765027 S 111 16000813 -5080 1792085520
13969.770800 S 112 16000730 -4562 1808086250
13970.776674 S 113 16000742 -4637 1824086992
13971.762180 S 114 16000699 -4368 1840087691
13972.768033 S 115 16000612 -3824 1856088303
13973.773712 S 116 16000622 -3887 1872088925
13974.759382 S 117 16000410 -2562 1888089335
13975.765070 S 118 16000519 -3243 1904089854
13976.770737 S 119 16000451 -2818 1920090305
13976.770737 X 1 360 -874 00010001
13977.776630 S 120 16000410 -2562 1936090715
13978.762390 S 121 16000545 -3406 1952091260
13979.768135 S 122 16000449 -2806 1968091709
13980.773797 S 123 16000560 -3499 1984092269
13981.759528 S 124 16001346 -8411 2000093615
13982.765256 S 125 16001301 -8130 2016094916
13983.770986 S 126 16001153 -7205 2032096069
13984.776980 S 127 16001238 -7736 2048097307
13985.762525 S 128 16001128 -7049 2064098435
13986.768431 S 129 16000995 -6218 2080099430
13986.768431 X 1 360 -874 00010001
13987.774289 S 130 16001176 -7349 2096100606
13988.760144 S 131 16000951 -5943 2112101557
13989.765827 S 132 16000129 -806 2128101686
13990.771610 S 133 16000348 -2174 2144102034
13991.757010 S 134 16000565 -3531 2160102599
13992.762803 S 135 16000471 -2943 2176103070
13993.768504 S 136 16000088 -549 2192103158
13994.774153 S 137 16000132 -824 2208103290
13995.759835 S 138 16000539 -3368 2224103829
13996.765587 S 139 16000417 -2606 2240104246
13996.765587 X 1 360 -874 00010001
13997.771378 S 140 16000370 -2312 2256104616
13998.757152 S 141 16000523 -3268 2272105139
13999.762914 S 142 16000312 -1949 2288105451
14000.768478 S 143 16000373 -2331 2304105824
14001.774208 S 144 16000510 -3187 2320106334
14002.759879 S 145 16000484 -3024 2336106818
14003.765640 S 146 16000554 -3462 2352107372
14004.771386 S 147 16000395 -2468 2368107767
14005.757116 S 148 16000059 -368 2384107826
14006.762921 S 149 16000020 -124 2400107846
14006.762921 X 1 360 -874 00010001
14007.768654 S 150 16000048 -299 2416107894
14008.774392 S 151 16000290 -1812 2432108184
14009.759928 S 152 16000073 -456 2448108257
14010.765615 S 153 16000394 -2462 2464108651
14011.771429 S 154 16000104 -649 2480108755
14012.756951 S 155 16000219 -1368 2496108974
14013.762558 S 156 16000256 -1599 2512109230
14014.768373 S 157 16000576 -3599 2528109806
14015.774281 S 158 16000795 -4968 2544110601
14016.759918 S 159 16000824 -5149 2560111425
14016.759918 X 1 360 -874 00010001
14017.765939 S 160 16000849 -5305 2576112274
14018.771482 S 161 16000936 -5849 2592113210
14019.757108 S 162 16000520 -3249 2608113730
14020.762972 S 163 16000291 -1818 2624114021
14021.768757 S 164 16000499 -3118 2640114520
14022.774407 S 165 16000466 -2912 2656114986
14023.760118 S 166 16000279 -1743 2672115265
14024.765886 S 167 16000463 -2893 2688115728
14025.771586 S 168 16000342 -2137 2704116070
14026.757326 S 169 16000295 -1843 2720116365
14026.757326 X 1 360 -874 00010001
14027.763172 S 170 16000270 -1687 2736116635
14028.768900 S 171 16000324 -2024 2752116959
14029.774612 S 172 16000830 -5187 2768117789
14030.760359 S 173 16000817 -5105 2784118606
14031.766076 S 174 16000818 -5112 2800119424
14032.771733 S 175 16000994 -6212 2816120418
14033.757453 S 176 16000578 -3612 2832120996
14034.763188 S 177 16000931 -5818 2848121927
14035.769136 S 178 16001101 -6880 2864123028
14036.774943 S 179 16001203 -7518 2880124231
14036.774943 X 1 360 -874 00010001
14037.760685 S 180 16001209 -7555 2896125440
14038.766257 S 181 16000773 -4831 2912126213
14039.772087 S 182 16000626 -3912 2928126839
14040.757764 S 183 16000565 -3531 2944127404
14041.763622 S 184 16000694 -4337 2960128098
14042.769356 S 185 16000973 -6080 2976129071
14043.755077 S 186 16000740 -4624 2992129811
14044.760751 S 187 16000811 -5068 3008130622
14045.766493 S 188 16000290 -1812 3024130912
14046.772360 S 189 16000814 -5087 3040131726
14046.772360 X 1 360 -874 00010001
14047.758152 S 190 16000598 -3737 3056132324
14048.763797 S 191 16000294 -1837 3072132618
14049.769573 S 192 16000358 -2237 3088132976
14050.755258 S 193 16000277 -1731 3104133253
14051.760897 S 194 15999913 543 3120133166
14052.766569 S 195 16000180 -1124 3136133346
14053.772427 S 196 16000577 -3606 3152133923
14054.757996 S 197 16000480 -2999 3168134403
14055.763871 S 198 16000495 -3093 3184134898
14056.769605 S 199 16000705 -4406 3200135603
14056.769605 X 1 360 -874 00010001
14057.755342 S 200 16000735 -4593 3216136338
14058.761117 S 201 16000687 -4293 3232137025
14059.766685 S 202 16000402 -2512 3248137427
14060.772653 S 203 16000438 -2737 3264137865
14061.758303 S 204 16000620 -3874 3280138485
14062.763954 S 205 16000485 -3031 3296138970
14063.769717 S 206 16000279 -1743 3312139249
14064.755408 S 207 16000469 -2931 3328139718
14065.761066 S 208 16000625 -3906 3344140343
14066.766811 S 209 16000326 -2037 3360140669
14066.766811 X 1 360 -874 00010001
14067.772711 S 210 16000311 -1943 3376140980
14068.758332 S 211 16000111 -693 3392141091
14069.764085 S 212 16000761 -4756 3408141852
14070.769673 S 213 16000650 -4062 3424142502
14071.755512 S 214 16000835 -5218 3440143337
14072.761268 S 215 16000637 -3981 3456143974
14073.766956 S 216 16000442 -2762 3472144416
14074.772621 S 217 16000613 -3831 3488145029
14075.758415 S 218 16000703 -4393 3504145732
14076.764175 S 219 16000315 -1968 3520146047
14076.764175 X 1 360 -874 00010001
14077.770180 S 220 16000750 -4687 3536146797
14078.755704 S 221 16000669 -4181 3552147466
14079.761649 S 222 16000856 -5349 3568148322
14080.767340 S 223 16000507 -3168 3584148829
14081.773045 S 224 16000528 -3299 3600149357
14082.758783 S 225 16000460 -2874 3616149817
14083.764435 S 226 16000574 -3587 3632150391
14084.770175 S 227 16000544 -3399 3648150935
14085.755937 S 228 16001280 -7999 3664152215
14086.761783 S 229 16001079 -6743 3680153294
14086.761783 X 1 360 -874 00010001
14087.767468 S 230 16001005 -6280 3696154299
14088.773401 S 231 16001155 -7218 3712155454
14089.759126 S 232 16001498 -9361 3728156952
14090.765070 S 233 16001253 -7830 3744158205
14091.770811 S 234 16001376 -8599 3760159581
14092.756420 S 235 16001261 -7880 3776160842
14093.762212 S 236 16000746 -4662 3792161588
14094.768017 S 237 16000680 -4249 3808162268
14095.773654 S 238 16000581 -3631 3824162849
14096.759478 S 239 16000809 -5055 3840163658
14096.759478 X 1 360 -874 00010001
14097.765292 S 240 16000902 -5637 3856164560
14098.771142 S 241 16000835 -5218 3872165395
14099.756777 S 242 16001076 -6724 3888166471
14100.762531 S 243 16001223 -7643 3904167694
14101.768284 S 244 16001336 -8349 3920169030
14102.753947 S 245 16001027 -6418 3936170057
14103.759837 S 246 16000896 -5599 3952170953
14104.765515 S 247 16000769 -4806 3968171722
14105.771332 S 248 16001183 -7393 3984172905
14106.757055 S 249 16001318 -8236 4000174223
14106.757055 X 1 360 -874 00010001
14107.762841 S 250 16000973 -6080 4016175196
14108.768764 S 251 16000675 -4218 4032175871
14109.754374 S 252 16000758 -4737 4048176629
14110.760155 S 253 16000992 -6199 4064177621
14111.766034 S 254 16000740 -4624 4080178361
14112.771771 S 255 16000685 -4281 4096179046
14113.757431 S 256 16000805 -5030 4112179851
14114.763175 S 257 16000716 -4474 4128180567
14115.769026 S 258 16000891 -5568 4144181458
14116.754690 S 259 16000794 -4962 4160182252
14116.754690 X 1 360 -874 00010001
14117.760470 S 260 16001224 -7649 4176183476
14118.766324 S 261 16001513 -9455 4192184989
14119.772214 S 262 16001582 -9886 4208186571
14120.757937 S 263 16001443 -9017 4224188014
14121.763634 S 264 16001769 -11055 4240189783
14122.769549 S 265 16001583 -9892 4256191366
14123.755306 S 266 16001778 -11111 4272193144
14124.761120 S 267 16001776 -11098 4288194920
14125.766958 S 268 16000589 -3681 9228213
14126.772585 S 269 16000376 -2349 25228589
14126.772585 X 1 360 -874 00010001
14127.758342 S 270 16000231 -1443 41228820
14128.764120 S 271 16000348 -2174 57229168
14129.769750 S 272 15999905 593 73229073
14130.755288 S 273 16000146 -912 89229219
14131.760901 S 274 15999854 912 105229073
14132.766620 S 275 15999976 150 121229049
14133.772284 S 276 16000368 -2299 137229417
14134.757972 S 277 16000498 -3112 153229915
14135.763789 S 278 16000718 -4487 169230633
14136.769412 S 279 16000843 -5268 185231476
14136.769412 X 1 360 -874 00010001
14137.755202 S 280 16000795 -4968 201232271
14138.760931 S 281 16000442 -2762 217232713
14139.766630 S 282 16000530 -3312 233233243
14140.772339 S 283 16000368 -2299 249233611
14141.758023 S 284 16000243 -1518 265233854
14142.763550 S 285 16000101 -631 281233955
14143.769419 S 286 16000189 -1181 297234144
14144.754867 S 287 16000324 -2024 313234468
14145.760638 S 288 16000674 -4212 329235142
14146.766334 S 289 16000586 -3662 345235728
14146.766334 X 1 360 -874 00010001
14147.772229 S 290 16000940 -5874 361236668
14148.757874 S 291 16000887 -5543 377237555
14149.763607 S 292 16000902 -5637 393238457
14150.769293 S 293 16000723 -4518 409239180
14151.754928 S 294 16000901 -5630 425240081
14152.760725 S 295 16001222 -7636 441241303
14153.766404 S 296 16001051 -6568 457242354
14154.772144 S 297 16000889 -5555 473243243
14155.757768 S 298 16000896 -5599 489244139
14156.763538 S 299 16000837 -5230 505244976
14156.763538 X 1 360 -874 00010001
14157.769382 S 300 16000595 -3718 521245571
14158.755083 S 301 16000765 -4781 537246336
14159.760725 S 302 16000711 -4443 553247047
14160.766508 S 303 16001164 -7274 569248211
14161.772210 S 304 16000919 -5743 585249130
14162.757773 S 305 16000726 -4537 601249856
14163.763476 S 306 16000967 -6043 617250823
14164.769288 S 307 16001054 -6587 633251877
14165.754910 S 308 16000625 -3906 649252502
14166.760779 S 309 16000897 -5605 665253399
14166.760779 X 1 360 -874 00010001
14167.766517 S 310 16000481 -3006 681253880
14168.772099 S 311 16000340 -2124 697254220
14169.757947 S 312 16000533 -3331 713254753
14170.763518 S 313 15999916 525 729254669
14171.769274 S 314 15999827 1081 745254496
14172.754740 S 315 16000109 -681 761254605
14173.760488 S 316 16000589 -3681 777255194
14174.766223 S 317 16001094 -6837 793256288
14175.772031 S 318 16001257 -7855 809257545
14176.757718 S 319 16001333 -8330 825258878
14176.757718 X 1 360 -874 00010001
14177.763539 S 320 16001152 -7199 841260030
14178.769307 S 321 16001089 -6805 857261119
14179.754848 S 322 16001591 -9942 873262710
14180.760745 S 323 16001595 -9967 889264305
14181.766436 S 324 16000992 -6199 905265297
14182.772166 S 325 16000753 -4706 921266050
14183.757864 S 326 16001107 -6918 937267157
14184.763419 S 327 16001083 -6768 953268240
14185.769353 S 328 16000694 -4337 969268934
14186.754831 S 329 16000835 -5218 985269769
14186.754831 X 1 360 -874 00010001
14187.760901 S 330 16000965 -6030 1001270734
14188.766610 S 331 16000822 -5137 1017271556
14189.772390 S 332 16000901 -5630 1033272457
14190.758113 S 333 16001127 -7043 1049273584
14191.763911 S 334 16001350 -8436 1065274934
14192.769637 S 335 16001270 -7936 1081276204
14193.755420 S 336 16001375 -8593 1097277579
14194.761254 S 337 16001120 -6999 1113278699
14195.767009 S 338 16000824 -5149 1129279523
14196.752594 S 339 16000967 -6043 1145280490
14196.752594 X 1 360 -874 00010001
14197.758604 S 340 16000629 -3931 1161281119
14198.764225 S 341 16000355 -2218 1177281474
14199.770103 S 342 16000370 -2312 1193281844
14200.755608 S 343 16000139 -868 1209281983
14201.761292 S 344 15999985 93 1225281968
14202.767034 S 345 16000017 -106 1241281985
14203.752743 S 346 16000218 -1362 1257282203
14204.758473 S 347 16000304 -1899 1273282507
14205.764113 S 348 16000310 -1937 1289282817
14206.769904 S 349 16000935 -5843 1305283752
14206.769904 X 1 360 -874 00010001
14207.755577 S 350 16000806 -5037 1321284558
14208.761366 S 351 16001247 -7793 1337285805
14209.767254 S 352 16001159 -7243 1353286964
14210.752958 S 353 16001280 -7999 1369288244
14211.758816 S 354 16001373 -8580 1385289617
14212.764507 S 355 16000956 -5974 1401290573
14213.770226 S 356 16000760 -4749 1417291333
14214.756074 S 357 16000888 -5549 1433292221
14215.761697 S 358 16000705 -4406 1449292926
14216.767558 S 359 16000533 -3331 1465293459
14216.767558 X 1 360 -874 00010001
14217.753292 S 360 16000452 -2824 1481293911
14218.759157 S 361 16000534 -3337 1497294445
14219.764824 S 362 16000805 -5030 1513295250
14220.770710 S 363 16000773 -4831 1529296023
14221.756252 S 364 16000818 -5112 1545296841
14222.762114 S 365 16000981 -6130 1561297822
14223.767914 S 366 16000992 -6199 1577298814
14224.753664 S 367 16001178 -7361 1593299992
14225.759217 S 368 16001183 -7393 1609301175
14226.765148 S 369 16000843 -5268 1625302018
14226.765148 X 1 360 -874 00010001
14227.771157 S 370 16000910 -5687 1641302928
14228.756736 S 371 16000948 -5924 1657303876
14229.762522 S 372 16000781 -4881 1673304657
14230.768378 S 373 16000651 -4068 1689305308
14231.753940 S 374 16000820 -5124 1705306128
14232.759719 S 375 16000921 -5755 1721307049
14233.765527 S 376 16000789 -4931 1737307838
14234.771368 S 377 16000949 -5930 1753308787
14235.756964 S 378 16001131 -7068 1769309918
14236.762676 S 379 16001306 -8161 1785311224
14236.762676 X 1 360 -874 00010001
14237.768649 S 380 16000797 -4981 1801312021
14238.754225 S 381 16000244 -1524 1817312265
14239.759974 S 382 16000426 -2662 1833312691
14240.765801 S 383 16000199 -1243 1849312890
14241.771445 S 384 16000380 -2374 1865313270
14242.756938 S 385 16000312 -1949 1881313582
14243.762789 S 386 16000225 -1406 1897313807
14244.768450 S 387 16000210 -1312 1913314017
14245.754223 S 388 16000583 -3643 1929314600
14246.760040 S 389 16001042 -6512 1945315642
14246.760040 X 1 360 -874 00010001
14247.765882 S 390 16001081 -6755 1961316723
14248.751308 S 391 16000920 -5749 1977317643
14249.757235 S 392 16001044 -6524 1993318687
14250.763033 S 393 16001252 -7824 2009319939
14251.768795 S 394 16001024 -6399 2025320963
14252.754661 S 395 16001380 -8624 2041322343
14253.760418 S 396 16000741 -4631 2057323084
14254.766280 S 397 16000499 -3118 2073323583
14255.751778 S 398 16000542 -3387 2089324125
14256.757572 S 399 16000396 -2474 2105324521
14256.757572 X 1 360 -874 00010001
14257.763271 S 400 16000333 -2081 2121324854
14258.769037 S 401 16000633 -3956 2137325487
14259.754713 S 402 16000647 -4043 2153326134
14260.760401 S 403 16000686 -4287 2169326820
14261.766269 S 404 16000428 -2674 2185327248
14262.751828 S 405 16000478 -2987 2201327726
14263.757616 S 406 16000493 -3081 2217328219
14264.763330 S 407 16000735 -4593 2233328954
14265.769123 S 408 16000584 -3649 2249329538
14266.754729 S 409 16000834 -5212 2265330372
14266.754729 X 1 360 -874 00010001
14267.760565 S 410 16000960 -5999 2281331332
14268.766314 S 411 15999939 381 2297331271
14269.751884 S 412 16000107 -668 2313331378
14270.757639 S 413 16000357 -2231 2329331735
14271.763456 S 414 16000420 -2624 2345332155
14272.769134 S 415 16000045 -281 2361332200
14273.754733 S 416 15999887 706 2377332087
14274.760276 S 417 16000027 -168 2393332114
14275.766013 S 418 15999759 1506 2409331873
14276.751647 S 419 15999911 556 2425331784
14276.751647 X 1 360 -874 00010001
14277.757387 S 420 16000037 -231 2441331821
14278.763172 S 421 16000504 -3149 2457332325
14279.769020 S 422 16000545 -3406 2473332870
14280.754576 S 423 16000361 -2256 2489333231
14281.760307 S 424 16000846 -5287 2505334077
14282.766172 S 425 16000965 -6030 2521335042
14283.751815 S 426 16000861 -5380 2537335903
14284.757590 S 427 16001094 -6837 2553336997
14285.763349 S 428 16000724 -4524 2569337721
14286.769239 S 429 16001130 -7062 2585338851
14286.769239 X 1 360 -874 00010001
14287.755099 S 430 16001565 -9780 2601340416
14288.760875 S 431 16001435 -8967 2617341851
14289.766583 S 432 16001211 -7568 2633343062
14290.752350 S 433 16000856 -5349 2649343918
14291.758128 S 434 16000646 -4037 2665344564
14292.763871 S 435 16000758 -4737 2681345322
14293.769676 S 436 16000749 -4681 2697346071
14294.755280 S 437 16000927 -5793 2713346998
14295.761154 S 438 16000575 -3593 2729347573
14296.767018 S 439 16000630 -3937 2745348203
14296.767018 X 1 360 -874 00010001
14297.752634 S 440 16000857 -5355 2761349060
14298.758329 S 441 16000736 -4599 2777349796
14299.764203 S 442 16000697 -4356 2793350493
14300.770066 S 443 16001075 -6718 2809351568
14301.755764 S 444 16000882 -5512 2825352450
14302.761357 S 445 16000421 -2631 2841352871
14303.767140 S 446 16000318 -1987 2857353189
14304.752726 S 447 16000411 -2568 2873353600
14305.758520 S 448 16000126 -787 2889353726
14306.764227 S 449 16000128 -799 2905353854
14306.764227 X 1 360 -874 00010001
14307.749977 S 450 16000511 -3193 2921354365
14308.755657 S 451 16000498 -3112 2937354863
14309.761349 S 452 15999867 831 2953354730
14310.767140 S 453 16001566 -9786 2969356296
14311.752828 S 454 16001557 -9730 2985357853
14312.758566 S 455 16001532 -9574 3001359385
14313.764369 S 456 16001341 -8380 3017360726
14314.750198 S 457 16001382 -8636 3033362108
14315.755888 S 458 16001699 -10617 3049363807
14316.761826 S 459 16001657 -10355 3065365464
14316.761826 X 1 360 -874 00010001
14317.767576 S 460 16001540 -9624 3081367004
14318.753159 S 461 16000216 -1349 3097367220
14319.759035 S 462 16000749 -4681 3113367969
14320.764652 S 463 16000630 -3937 3129368599
14321.750372 S 464 16000485 -3031 3145369084
14322.756068 S 465 16000165 -1031 3161369249
14323.761789 S 466 16000176 -1099 3177369425
14324.767468 S 467 16000120 -749 3193369545
14325.753049 S 468 16000172 -1074 3209369717
14326.758770 S 469 16000438 -2737 3225370155
14326.758770 X 1 360 -874 00010001
14327.764588 S 470 16000581 -3631 3241370736
14328.750196 S 471 16000662 -4137 3257371398
14329.756116 S 472 16000585 -3656 3273371983
14330.761692 S 473 16000691 -4318 3289372674
14331.767406 S 474 16000598 -3737 3305373272
14332.753168 S 475 16000534 -3337 3321373806
14333.758926 S 476 16000358 -2237 3337374164
14334.764574 S 477 16000522 -3262 3353374686
14335.750221 S 478 16000496 -3099 3369375182
14336.756032 S 479 16000709 -4431 3385375891
14336.756032 X 1 360 -874 00010001
14337.761790 S 480 16000405 -2531 3401376296
14338.767465 S 481 16000422 -2637 3417376718
14339.753257 S 482 16000533 -3331 3433377251
14340.758992 S 483 16000348 -2174 3449377599
14341.764607 S 484 16000434 -2712 3465378033
14342.750287 S 485 16001555 -9717 3481379588
14343.756108 S 486 16001843 -11517 3497381431
14344.762031 S 487 16001605 -10030 3513383036
14345.767686 S 488 16001302 -8136 3529384338
14346.753370 S 489 16001430 -8936 3545385768
14346.753370 X 1 360 -874 00010001
14347.759278 S 490 16001357 -8480 3561387125
14348.764974 S 491 16001599 -9992 3577388724
14349.750719 S 492 16001453 -9080 3593390177
14350.756532 S 493 16000296 -1849 3609390473
14351.762199 S 494 16000302 -1887 3625390775
14352.767853 S 495 16000292 -1824 3641391067
14353.753526 S 496 16000299 -1868 3657391366
14354.759243 S 497 16000360 -2249 3673391726
14355.765015 S 498 16000223 -1393 3689391949
14356.750499 S 499 16000126 -787 3705392075
14356.750499 X 1 360 -874 00010001
14357.756235 S 500 16000064 -399 3721392139
14358.762118 S 501 16000810 -5062 3737392949
14359.767758 S 502 16000858 -5362 3753393807
14360.753437 S 503 16001171 -7318 3769394978
14361.759085 S 504 16001000 -6249 3785395978
14362.764917 S 505 16001225 -7655 3801397203
14363.750709 S 506 16001237 -7730 3817398440
14364.756332 S 507 16000802 -5012 3833399242
14365.762119 S 508 16000749 -4681 3849399991
14366.767900 S 509 16000722 -4512 3865400713
14366.767900 X 1 360 -874 00010001
14367.753588 S 510 16000633 -3956 3881401346
14368.759317 S 511 16000891 -5568 3897402237
14369.765025 S 512 16000714 -4462 3913402951
14370.750737 S 513 16000730 -4562 3929403681
14371.756457 S 514 16000663 -4143 3945404344
14372.762200 S 515 16000786 -4912 3961405130
14373.767766 S 516 16000936 -5849 3977406066
14374.753468 S 517 16000740 -4624 3993406806
14375.759199 S 518 16000842 -5262 4009407648
14376.765027 S 519 16000908 -5674 4025408556
14376.765027 X 1 360 -874 00010001
14377.750940 S 520 16000524 -3274 4041409080
14378.756481 S 521 16000526 -3287 4057409606
14379.762362 S 522 16000567 -3543 4073410173
14380.767934 S 523 16000524 -3274 4089410697
14381.753615 S 524 16000896 -5599 4105411593
14382.759417 S 525 16000758 -4737 4121412351
14383.765163 S 526 16000811 -5068 4137413162
14384.750734 S 527 16000908 -5674 4153414070
14385.756553 S 528 16001257 -7855 4169415327
14386.762528 S 529 16001201 -7505 4185416528
14386.762528 X 1 360 -874 00010001
14387.748123 S 530 16000976 -6099 4201417504
14388.753803 S 531 16000892 -5574 4217418396
14389.759659 S 532 16000839 -5243 4233419235
14390.765362 S 533 16000907 -5668 4249420142
14391.751042 S 534 16001188 -7424 4265421330
14392.756880 S 535 16001322 -8261 4281422652
14393.762637 S 536 16001169 -7305 2456525
14394.748268 S 537 16001206 -7536 18457731
14395.754196 S 538 16001194 -7461 34458925
14396.759657 S 539 16001022 -6387 50459947
14396.759657 X 1 360 -874 00010001
14397.765661 S 540 16000922 -5762 66460869
14398.751328 S 541 16000994 -6212 82461863
14399.756866 S 542 16001195 -7468 98463058
14400.762771 S 543 16001311 -8193 114464369
14401.748457 S 544 16001237 -7730 130465606
14402.754060 S 545 16001561 -9755 146467167
14403.759915 S 546 16001373 -8580 162468540
14404.765565 S 547 16001305 -8155 178469845
14405.751313 S 548 16001059 -6618 194470904
14406.757043 S 549 16000015 -93 210470919
14406.757043 X 1 360 -874 00010001
14407.762706 S 550 15999782 1362 226470701
14408.748278 S 551 15999595 2531 242470296
14409.754084 S 552 16000171 -1068 258470467
14410.759619 S 553 16000290 -1812 274470757
14411.765352 S 554 16000234 -1462 290470991
14412.750856 S 555 16000166 -1037 306471157
14413.756588 S 556 16000097 -606 322471254
14414.762281 S 557 16000083 -518 338471337
14415.747597 S 558 16000188 -1174 354471525
14416.753372 S 559 16000027 -168 370471552
14416.753372 X 1 360 -874 00010001
14417.759233 S 560 16000120 -749 386471672
14418.764819 S 561 16000015 -93 402471687
14419.750372 S 562 16000028 -174 418471715
14420.756069 S 563 16000022 -137 434471737
14421.761923 S 564 16000489 -3056 450472226
14422.747310 S 565 16000527 -3293 466472753
14423.753137 S 566 16000542 -3387 482473295
14424.758754 S 567 16000603 -3768 498473898
14425.764397 S 568 16000768 -4799 514474666
14426.750132 S 569 16000621 -3881 530475287
14426.750132 X 1 360 -874 00010001
14427.755962 S 570 16000618 -3862 546475905
14428.761636 S 571 16000456 -2849 562476361
14429.747230 S 572 16000636 -3974 578476997
14430.752984 S 573 16000581 -3631 594477578
14431.758570 S 574 16000790 -4937 610478368
14432.764304 S 575 16000338 -2112 626478706
14433.749894 S 576 16000323 -2018 642479029
14434.755489 S 577 16000576 -3599 658479605
14435.761322 S 578 16000937 -5855 674480542
14436.747042 S 579 16000804 -5024 690481346
14436.747042 X 1 360 -874 00010001
14437.752811 S 580 16000517 -3231 706481863
14438.758541 S 581 16001097 -6855 722482960
14439.764307 S 582 16001530 -9561 738484490
14440.749943 S 583 16001335 -8343 754485825
14441.755861 S 584 16001194 -7461 770487019
14442.761598 S 585 16001428 -8924 786488447
14443.747114 S 586 16001493 -9330 802489940
14444.753030 S 587 16001386 -8661 818491326
14445.758630 S 588 16001216 -7599 834492542
14446.764446 S 589 16000947 -5918 850493489
14446.764446 X 1 360 -874 00010001
14447.750247 S 590 16000637 -3981 866494126
14448.755956 S 591 16000653 -4081 882494779
14449.761707 S 592 16001421 -8880 898496200
14450.747354 S 593 16001484 -9274 914497684
14451.753068 S 594 16001453 -9080 930499137
14452.758913 S 595 16001166 -7286 946500303
14453.764601 S 596 16001210 -7561 962501513
14454.750094 S 597 16000332 -2074 978501845
14455.755963 S 598 15999971 181 994501816
14456.761546 S 599 15999823 1106 1010501639
14456.761546 X 1 360 -874 00010001
14457.747255 S 600 15999890 687 1026501529
14458.752844 S 601 15999949 318 1042501478
14459.758675 S 602 15999977 143 1058501455
14460.764251 S 603 16000117 -731 1074501572
14461.749844 S 604 16000004 -24 1090501576
14462.755494 S 605 15999917 518 1106501493
14463.761204 S 606 16000339 -2118 1122501832
14464.746894 S 607 16000505 -3156 1138502337
14465.752493 S 608 16000278 -1737 1154502615
14466.758172 S 609 16000336 -2099 1170502951
14466.758172 X 1 360 -874 00010001
14467.764027 S 610 16000937 -5855 1186503888
14468.749776 S 611 16000603 -3768 1202504491
14469.755692 S 612 16000686 -4287 1218505177
14470.761458 S 613 16000798 -4987 1234505975
14471.747048 S 614 16000694 -4337 1250506669
14472.752764 S 615 16000995 -6218 1266507664
14473.758721 S 616 16000772 -4824 1282508436
14474.764306 S 617 16000646 -4037 1298509082
14475.750009 S 618 16000634 -3962 1314509716
14476.755807 S 619 16000685 -4281 1330510401
14476.755807 X 1 360 -874 00010001
14477.761699 S 620 16000898 -5612 1346511299
14478.747218 S 621 16000923 -5768 1362512222
14479.753119 S 622 16001187 -7418 1378513409
14480.758829 S 623 16001340 -8374 1394514749
14481.764631 S 624 16001538 -9611 1410516287
14482.750491 S 625 16001763 -11017 1426518050
14483.756272 S 626 16001390 -8686 1442519440
14484.762015 S 627 16001010 -6312 1458520450
14485.747685 S 628 16001105 -6905 1474521555
14486.753641 S 629 16000855 -5343 1490522410
14486.753641 X 1 360 -874 00010001
14487.759361 S 630 16000273 -1706 1506522683
14488.765070 S 631 16000179 -1118 1522522862
14489.750718 S 632 16000671 -4193 1538523533
14490.756409 S 633 16000507 -3168 1554524040
14491.762115 S 634 16000667 -4168 1570524707
14492.747911 S 635 16000737 -4606 1586525444
14493.753487 S 636 16000686 -4287 1602526130
14494.759381 S 637 16000480 -2999 1618526610
14495.744991 S 638 16000513 -3206 1634527123
14496.750889 S 639 16000538 -3362 1650527661
14496.750889 X 1 360 -874 00010001
14497.756722 S 640 16000204 -1274 1666527865
14498.762468 S 641 16000320 -1999 1682528185
14499.748125 S 642 16000450 -2812 1698528635
14500.753773 S 643 16000519 -3243 1714529154
14501.759606 S 644 16000387 -2418 1730529541
