17608.537411 *** Booting nRF Connect SDK v3.4.1-b20f8619ba9a *** R 17608.091678
17608.537411 *** Using Zephyr OS v4.4.2-33fa6a7aac6a *** R 17608.091678
17608.537411 X 1 365 -874 00010001 R 17608.091678
17608.539253 S 0 16000147 -918 16000147 R 17608.093516
17608.539253 S 1 16000146 -912 32000293 R 17608.093516
17608.539253 S 2 16000147 -918 48000440 R 17608.093516
17608.539253 S 3 16000148 -924 64000588 R 17608.093516
17608.539253 S 4 16000147 -918 80000735 R 17608.093516
17608.539253 S 5 16000146 -912 96000881 R 17608.093516
17608.539253 S 6 16000147 -918 112001028 R 17608.093516
17608.539253 S 7 16000147 -918 128001175 R 17608.093516
17608.539253 S 8 16000148 -924 144001323 R 17608.093516
17608.539253 S 9 16000147 -918 160001470 R 17608.093516
17608.539253 X 1 365 -874 00010001 R 17608.093516
17608.539253 S 10 16000146 -912 176001616 R 17608.093516
17608.539253 S 11 16000147 -918 192001763 R 17608.093516
17608.539253 S 12 16000148 -924 208001911 R 17608.093516
17609.501969 S 13 16000147 -918 224002058 R 17609.056238
17610.507694 S 14 16000147 -918 240002205 R 17610.061962
17611.513366 S 15 16000147 -918 256002352 R 17611.067635
17612.499116 S 16 16000147 -918 272002499 R 17612.053387
17613.504700 S 17 16000147 -918 288002646 R 17613.058971
17614.510410 S 18 16000147 -918 304002793 R 17614.064683
17615.496125 S 19 16000148 -924 320002941 R 17615.050398
17615.496125 X 1 365 -874 00010001 R 17615.050398
17616.501971 S 20 16000147 -918 336003088 R 17616.056246
17617.507621 S 21 16000146 -912 352003234 R 17617.061897
17618.513326 S 22 16000147 -918 368003381 R 17618.067605
17619.499021 S 23 16000148 -924 384003529 R 17619.053298
17620.504637 S 24 16000146 -912 400003675 R 17620.058917
17621.510407 S 25 16000147 -918 416003822 R 17621.064689
17622.495903 S 26 16000147 -918 432003969 R 17622.050185
17623.501708 S 27 16000147 -918 448004116 R 17623.055991
17624.507384 S 28 16000148 -924 464004264 R 17624.061670
17625.513280 S 29 16000146 -912 480004410 R 17625.067566
17625.513280 X 1 365 -874 00010001 R 17625.067566
17626.498808 S 30 16000147 -918 496004557 R 17626.053096
17627.504605 S 31 16000147 -918 512004704 R 17627.058892
17628.510303 S 32 16000147 -918 528004851 R 17628.064592
17629.495823 S 33 16000148 -924 544004999 R 17629.050113
17630.501696 S 34 16000146 -912 560005145 R 17630.055988
17631.507316 S 35 16000147 -918 576005292 R 17631.061609
17632.512986 S 36 16000146 -912 592005438 R 17632.067282
17633.498652 S 37 16000148 -924 608005586 R 17633.052948
17634.504260 S 38 16000147 -918 624005733 R 17634.058556
17635.510104 S 39 16000147 -918 640005880 R 17635.064402
17635.510104 X 1 365 -874 00010001 R 17635.064402
17636.495829 S 40 16000146 -912 656006026 R 17636.050128
17637.501526 S 41 16000147 -918 672006173 R 17637.055827
17638.507214 S 42 16000147 -918 688006320 R 17638.061517
17639.512911 S 43 16000147 -918 704006467 R 17639.067214
17640.498565 S 44 16000147 -918 720006614 R 17640.052869
17641.504226 S 45 16000148 -924 736006762 R 17641.058531
17642.509985 S 46 16000146 -912 752006908 R 17642.064292
17643.495496 S 47 16000147 -918 768007055 R 17643.049804
17644.501338 S 48 16000147 -918 784007202 R 17644.055648
17645.506951 S 49 16000147 -918 800007349 R 17645.061262
17645.506951 X 1 365 -874 00010001 R 17645.061262
17646.512829 S 50 16000147 -918 816007496 R 17646.067141
17647.498559 S 51 16000147 -918 832007643 R 17647.052875
17648.504102 S 52 16000146 -912 848007789 R 17648.058417
17649.509836 S 53 16000148 -924 864007937 R 17649.064151
17650.495574 S 54 16000146 -912 880008083 R 17650.049891
17651.501315 S 55 16000148 -924 896008231 R 17651.055633
17652.506978 S 56 16000147 -918 912008378 R 17652.061297
17653.512702 S 57 16000147 -918 928008525 R 17653.067022
17654.498260 S 58 16000146 -912 944008671 R 17654.052582
17655.504040 S 59 16000147 -918 960008818 R 17655.058364
17655.504040 X 1 365 -874 00010001 R 17655.058364
17656.509787 S 60 16000149 -931 976008967 R 17656.064112
17657.495421 S 61 16000146 -912 992009113 R 17657.049747
17658.501040 S 62 16000146 -912 1008009259 R 17658.055368
17659.506852 S 63 16000147 -918 1024009406 R 17659.061180
17660.512565 S 64 16000147 -918 1040009553 R 17660.066894
17661.498311 S 65 16000147 -918 1056009700 R 17661.052643
17662.503930 S 66 16000147 -918 1072009847 R 17662.058262
17663.509674 S 67 16000147 -918 1088009994 R 17663.064007
17664.495340 S 68 16000146 -912 1104010140 R 17664.049675
17665.501188 S 69 16000147 -918 1120010287 R 17665.055525
17665.501188 X 1 365 -874 00010001 R 17665.055525
17666.507122 S 70 16000148 -924 1136010435 R 17666.061459
17667.512776 S 71 16000147 -918 1152010582 R 17667.067116
17668.498306 S 72 16000146 -912 1168010728 R 17668.052646
17669.504107 S 73 16000147 -918 1184010875 R 17669.058448
17670.509796 S 74 16000147 -918 1200011022 R 17670.064139
17671.495364 S 75 16000147 -918 1216011169 R 17671.049708
17672.501176 S 76 16000147 -918 1232011316 R 17672.055525
17673.506904 S 77 16000146 -912 1248011462 R 17673.061266
17674.492481 S 78 16000148 -924 1264011610 R 17674.046828
17675.498431 S 79 16000146 -912 1280011756 R 17675.052780
17675.498431 X 1 365 -874 00010001 R 17675.052780
17676.504087 S 80 16000147 -918 1296011903 R 17676.058438
17677.509842 S 81 16000147 -918 1312012050 R 17677.064195
17678.495613 S 82 16000148 -924 1328012198 R 17678.049968
17679.501342 S 83 16000145 -906 1344012343 R 17679.055697
17680.506887 S 84 16000147 -918 1360012490 R 17680.061244
17681.492670 S 85 16000147 -918 1376012637 R 17681.047027
17682.498225 S 86 16000147 -918 1392012784 R 17682.052584
17683.503929 S 87 16000147 -918 1408012931 R 17683.058289
17684.509764 S 88 16000146 -912 1424013077 R 17684.064125
17685.495360 S 89 16000147 -918 1440013224 R 17685.049723
17685.495360 X 1 365 -874 00010001 R 17685.049723
17686.501205 S 90 16000146 -912 1456013370 R 17686.055569
17687.506980 S 91 16000148 -924 1472013518 R 17687.061347
17688.492701 S 92 16000147 -918 1488013665 R 17688.047068
17689.498274 S 93 16000146 -912 1504013811 R 17689.052643
17690.504026 S 94 16000147 -918 1520013958 R 17690.058395
17691.509745 S 95 16000146 -912 1536014104 R 17691.064115
17692.495372 S 96 16000147 -918 1552014251 R 17692.049742
17693.501294 S 97 16000147 -918 1568014398 R 17693.055667
17694.506940 S 98 16000147 -918 1584014545 R 17694.061315
17695.492534 S 99 16000146 -912 1600014691 R 17695.046909
17695.492534 X 1 365 -874 00010001 R 17695.046909
17696.498500 S 100 16000148 -924 1616014839 R 17696.052878
17697.504172 S 101 16000146 -912 1632014985 R 17697.058550
17698.509855 S 102 16000147 -918 1648015132 R 17698.064234
17699.495752 S 103 16000146 -912 1664015278 R 17699.050133
17700.501303 S 104 16000147 -918 1680015425 R 17700.055685
17701.506959 S 105 16000147 -918 1696015572 R 17701.061343
17702.492615 S 106 16000146 -912 1712015718 R 17702.047001
17703.498415 S 107 16000148 -924 1728015866 R 17703.052802
17704.504091 S 108 16000147 -918 1744016013 R 17704.058479
17705.509910 S 109 16000145 -906 1760016158 R 17705.064301
17705.509910 X 1 365 -874 00010001 R 17705.064301
17706.495672 S 110 16000147 -918 1776016305 R 17706.050063
17707.501270 S 111 16000147 -918 1792016452 R 17707.055662
17708.507118 S 112 16000147 -918 1808016599 R 17708.061512
17709.492678 S 113 16000147 -918 1824016746 R 17709.047073
17710.498629 S 114 16000146 -912 1840016892 R 17710.053025
17711.504341 S 115 16000147 -918 1856017039 R 17711.058739
17712.509937 S 116 16000147 -918 1872017186 R 17712.064339
17713.495525 S 117 16000147 -918 1888017333 R 17713.049925
17714.501407 S 118 16000147 -918 1904017480 R 17714.055810
17715.507113 S 119 16000146 -912 1920017626 R 17715.061515
17715.507113 X 1 365 -874 00010001 R 17715.061515
17716.492784 S 120 16000147 -918 1936017773 R 17716.047189
17717.498547 S 121 16000147 -918 1952017920 R 17717.052952
17718.504291 S 122 16000147 -918 1968018067 R 17718.058698
17719.489999 S 123 16000147 -918 1984018214 R 17719.044419
17720.495718 S 124 16000146 -912 2000018360 R 17720.050128
17721.501386 S 125 16000147 -918 2016018507 R 17721.055797
17722.507201 S 126 16000146 -912 2032018653 R 17722.061613
17723.492834 S 127 16000147 -918 2048018800 R 17723.047248
17724.498604 S 128 16000148 -924 2064018948 R 17724.053020
17725.504491 S 129 16000146 -912 2080019094 R 17725.058907
17725.504491 X 1 365 -874 00010001 R 17725.058907
17726.490131 S 130 16000147 -918 2096019241 R 17726.044548
17727.495851 S 131 16000147 -918 2112019388 R 17727.050270
17728.501705 S 132 16000147 -918 2128019535 R 17728.056126
17729.507348 S 133 16000147 -918 2144019682 R 17729.061769
17730.493032 S 134 16000147 -918 2160019829 R 17730.047455
17731.498782 S 135 16000146 -912 2176019975 R 17731.053207
17732.504584 S 136 16000147 -918 2192020122 R 17732.059010
17733.490194 S 137 16000147 -918 2208020269 R 17733.044621
17734.495947 S 138 16000147 -918 2224020416 R 17734.050376
17735.501740 S 139 16000147 -918 2240020563 R 17735.056171
17735.501740 X 1 365 -874 00010001 R 17735.056171
17736.507512 S 140 16000146 -912 2256020709 R 17736.061943
17737.493180 S 141 16000147 -918 2272020856 R 17737.047613
17738.498939 S 142 16000147 -918 2288021003 R 17738.053373
17739.504562 S 143 16000148 -924 2304021151 R 17739.058998
17740.490145 S 144 16000147 -918 2320021298 R 17740.044581
17741.496109 S 145 16000145 -906 2336021443 R 17741.050547
17742.501748 S 146 16000147 -918 2352021590 R 17742.056188
17743.507565 S 147 16000147 -918 2368021737 R 17743.062005
17744.492991 S 148 16000147 -918 2384021884 R 17744.047435
17745.498876 S 149 16000148 -924 2400022032 R 17745.053319
17745.498876 X 1 365 -874 00010001 R 17745.053319
17746.504767 S 150 16000146 -912 2416022178 R 17746.059212
17747.490444 S 151 16000147 -918 2432022325 R 17747.044890
17748.496156 S 152 16000147 -918 2448022472 R 17748.050604
17749.501871 S 153 16000147 -918 2464022619 R 17749.056321
17750.507632 S 154 16000147 -918 2480022766 R 17750.062083
17751.493356 S 155 16000147 -918 2496022913 R 17751.047809
17752.498863 S 156 16000146 -912 2512023059 R 17752.053316
17753.504697 S 157 16000147 -918 2528023206 R 17753.059152
17754.490521 S 158 16000147 -918 2544023353 R 17754.044980
17755.496113 S 159 16000147 -918 2560023500 R 17755.050570
17755.496113 X 1 365 -874 00010001 R 17755.050570
17756.502038 S 160 16000147 -918 2576023647 R 17756.056497
17757.507880 S 161 16000146 -912 2592023793 R 17757.062341
17758.493405 S 162 16000147 -918 2608023940 R 17758.047868
17759.499108 S 163 16000147 -918 2624024087 R 17759.053571
17760.504944 S 164 16000147 -918 2640024234 R 17760.059410
17761.490587 S 165 16000147 -918 2656024381 R 17761.045053
17762.496161 S 166 16000147 -918 2672024528 R 17762.050629
17763.502041 S 167 16000147 -918 2688024675 R 17763.056510
17764.487517 S 168 16000146 -912 2704024821 R 17764.041988
17765.493341 S 169 16000147 -918 2720024968 R 17765.047812
17765.493341 X 1 365 -874 00010001 R 17765.047812
17766.499170 S 170 16000146 -912 2736025114 R 17766.053644
17767.505034 S 171 16000147 -918 2752025261 R 17767.059508
17768.490616 S 172 16000147 -918 2768025408 R 17768.045092
17769.496395 S 173 16000147 -918 2784025555 R 17769.050874
17770.502108 S 174 16000147 -918 2800025702 R 17770.056587
17771.487684 S 175 16000146 -912 2816025848 R 17771.042165
17772.493447 S 176 16000147 -918 2832025995 R 17772.047928
17773.499171 S 177 16000147 -918 2848026142 R 17773.053654
17774.505073 S 178 16000147 -918 2864026289 R 17774.059560
17775.490621 S 179 16000147 -918 2880026436 R 17775.045107
17775.490621 X 1 365 -874 00010001 R 17775.045107
17776.496418 S 180 16000147 -918 2896026583 R 17776.050906
17777.502138 S 181 16000146 -912 2912026729 R 17777.056627
17778.487836 S 182 16000147 -918 2928026876 R 17778.042327
17779.493686 S 183 16000147 -918 2944027023 R 17779.048179
17780.499382 S 184 16000146 -912 2960027169 R 17780.053874
17781.505116 S 185 16000148 -924 2976027317 R 17781.059611
17782.490786 S 186 16000146 -912 2992027463 R 17782.045282
17783.496564 S 187 16000147 -918 3008027610 R 17783.051062
17784.502239 S 188 16000147 -918 3024027757 R 17784.056739
17785.487869 S 189 16000147 -918 3040027904 R 17785.042369
17785.487869 X 1 365 -874 00010001 R 17785.042369
17786.493836 S 190 16000146 -912 3056028050 R 17786.048339
17787.499479 S 191 16000148 -924 3072028198 R 17787.053984
17788.505133 S 192 16000146 -912 3088028344 R 17788.059637
17789.490922 S 193 16000146 -912 3104028490 R 17789.045428
17790.496550 S 194 16000148 -924 3120028638 R 17790.051057
17791.502356 S 195 16000146 -912 3136028784 R 17791.056865
17792.487990 S 196 16000147 -918 3152028931 R 17792.042500
17793.493810 S 197 16000146 -912 3168029077 R 17793.048321
17794.499515 S 198 16000147 -918 3184029224 R 17794.054028
17795.505240 S 199 16000147 -918 3200029371 R 17795.059755
17795.505240 X 1 365 -874 00010001 R 17795.059755
17796.491037 S 200 16000148 -924 3216029519 R 17796.045552
17797.496769 S 201 16000147 -918 3232029666 R 17797.051286
17798.502474 S 202 16000146 -912 3248029812 R 17798.056993
17799.488155 S 203 16000146 -912 3264029958 R 17799.042676
17800.493827 S 204 16000147 -918 3280030105 R 17800.048349
17801.499554 S 205 16000147 -918 3296030252 R 17801.054077
17802.505412 S 206 16000147 -918 3312030399 R 17802.059937
17803.491094 S 207 16000147 -918 3328030546 R 17803.045621
17804.496740 S 208 16000147 -918 3344030693 R 17804.051271
17805.502315 S 209 16000146 -912 3360030839 R 17805.056844
17805.502315 X 1 365 -874 00010001 R 17805.056844
17806.488077 S 210 16000147 -918 3376030986 R 17806.042608
17807.493886 S 211 16000147 -918 3392031133 R 17807.048421
17808.499632 S 212 16000147 -918 3408031280 R 17808.054165
17809.485220 S 213 16000146 -912 3424031426 R 17809.039756
17810.490934 S 214 16000147 -918 3440031573 R 17810.045471
17811.496807 S 215 16000147 -918 3456031720 R 17811.051345
17812.502586 S 216 16000148 -924 3472031868 R 17812.057126
17813.488141 S 217 16000146 -912 3488032014 R 17813.042682
17814.493907 S 218 16000147 -918 3504032161 R 17814.048449
17815.499766 S 219 16000146 -912 3520032307 R 17815.054309
17815.499766 X 1 365 -874 00010001 R 17815.054309
17816.485460 S 220 16000147 -918 3536032454 R 17816.040006
17817.491130 S 221 16000147 -918 3552032601 R 17817.045677
17818.496902 S 222 16000147 -918 3568032748 R 17818.051451
17819.502666 S 223 16000146 -912 3584032894 R 17819.057216
17820.488236 S 224 16000146 -912 3600033040 R 17820.042787
17821.494039 S 225 16000147 -918 3616033187 R 17821.048591
17822.499657 S 226 16000147 -918 3632033334 R 17822.054213
17823.485410 S 227 16000147 -918 3648033481 R 17823.039967
17824.491041 S 228 16000146 -912 3664033627 R 17824.045598
17825.496923 S 229 16000147 -918 3680033774 R 17825.051481
17825.496923 X 1 365 -874 00010001 R 17825.051481
17826.502847 S 230 16000147 -918 3696033921 R 17826.057409
17827.488402 S 231 16000146 -912 3712034067 R 17827.042964
17828.494147 S 232 16000147 -918 3728034214 R 17828.048709
17829.499828 S 233 16000147 -918 3744034361 R 17829.054392
17830.485692 S 234 16000147 -918 3760034508 R 17830.040258
17831.491313 S 235 16000145 -906 3776034653 R 17831.045882
17832.497042 S 236 16000147 -918 3792034800 R 17832.051613
17833.502831 S 237 16000148 -924 3808034948 R 17833.057402
17834.488337 S 238 16000146 -912 3824035094 R 17834.042909
17835.494114 S 239 16000147 -918 3840035241 R 17835.048687
17835.494114 X 1 365 -874 00010001 R 17835.048687
17836.500109 S 240 16000146 -912 3856035387 R 17836.054685
17837.485660 S 241 16000147 -918 3872035534 R 17837.040236
17838.491367 S 242 16000147 -918 3888035681 R 17838.045944
17839.497110 S 243 16000147 -918 3904035828 R 17839.051689
17840.502924 S 244 16000146 -912 3920035974 R 17840.057505
17841.488677 S 245 16000146 -912 3936036120 R 17841.043260
17842.494180 S 246 16000147 -918 3952036267 R 17842.048763
17843.499951 S 247 16000147 -918 3968036414 R 17843.054538
17844.485795 S 248 16000147 -918 3984036561 R 17844.040382
17845.491420 S 249 16000147 -918 4000036708 R 17845.046008
17845.491420 X 1 365 -874 00010001 R 17845.046008
17846.497142 S 250 16000146 -912 4016036854 R 17846.051732
17847.482772 S 251 16000147 -918 4032037001 R 17847.037364
17848.488737 S 252 16000147 -918 4048037148 R 17848.043330
17849.494423 S 253 16000148 -924 4064037296 R 17849.049017
17850.500120 S 254 16000146 -912 4080037442 R 17850.054715
17851.485919 S 255 16000147 -918 4096037589 R 17851.040517
17852.491479 S 256 16000147 -918 4112037736 R 17852.046077
17853.497273 S 257 16000146 -912 4128037882 R 17853.051874
17854.482968 S 258 16000148 -924 4144038030 R 17854.037569
17855.488709 S 259 16000147 -918 4160038177 R 17855.043312
17855.488709 X 1 365 -874 00010001 R 17855.043312
17856.494373 S 260 16000147 -918 4176038324 R 17856.048977
17857.500258 S 261 16000146 -912 4192038470 R 17857.054864
17858.485960 S 262 16000147 -918 4208038617 R 17858.040567
17859.491742 S 263 16000148 -924 4224038765 R 17859.046352
17860.497228 S 264 16000147 -918 4240038912 R 17860.051838
17861.483119 S 265 16000146 -912 4256039058 R 17861.037732
17862.488909 S 266 16000148 -924 4272039206 R 17862.043522
17863.494430 S 267 16000147 -918 4288039353 R 17863.049045
17864.500150 S 268 16000147 -918 9072204 R 17864.054766
17865.485881 S 269 16000147 -918 25072351 R 17865.040499
17865.485881 X 1 365 -874 00010001 R 17865.040499
17866.491675 S 270 16000147 -918 41072498 R 17866.046294
17867.497422 S 271 16000147 -918 57072645 R 17867.052043
17868.483209 S 272 16000147 -918 73072792 R 17868.037832
17869.488756 S 273 16000147 -918 89072939 R 17869.043381
17870.494407 S 274 16000147 -918 105073086 R 17870.049032
17871.500135 S 275 16000147 -918 121073233 R 17871.054762
17872.485741 S 276 16000147 -918 137073380 R 17872.040370
17873.491590 S 277 16000147 -918 153073527 R 17873.046220
17874.497152 S 278 16000147 -918 169073674 R 17874.051783
17875.482781 S 279 16000148 -924 185073822 R 17875.037414
17875.482781 X 1 365 -874 00010001 R 17875.037414
17876.488702 S 280 16000146 -912 201073968 R 17876.043337
17877.494583 S 281 16000147 -918 217074115 R 17877.049219
17878.500147 S 282 16000146 -912 233074261 R 17878.054784
17879.485927 S 283 16000148 -924 249074409 R 17879.040566
17880.491531 S 284 16000148 -924 265074557 R 17880.046171
17881.497212 S 285 16000146 -912 281074703 R 17881.051854
17882.482950 S 286 16000147 -918 297074850 R 17882.037594
17883.488585 S 287 16000147 -918 313074997 R 17883.043230
17884.494146 S 288 16000148 -924 329075145 R 17884.048793
17885.500018 S 289 16000147 -918 345075292 R 17885.054667
17885.500018 X 1 365 -874 00010001 R 17885.054667
17886.485846 S 290 16000147 -918 361075439 R 17886.040496
17887.491512 S 291 16000146 -912 377075585 R 17887.046163
17888.497175 S 292 16000147 -918 393075732 R 17888.051828
17889.482685 S 293 16000147 -918 409075879 R 17889.037339
17890.488382 S 294 16000148 -924 425076027 R 17890.043038
17891.494207 S 295 16000147 -918 441076174 R 17891.048865
17892.499920 S 296 16000147 -918 457076321 R 17892.054580
17893.485570 S 297 16000147 -918 473076468 R 17893.040231
17894.491308 S 298 16000147 -918 489076615 R 17894.045970
17895.496900 S 299 16000147 -918 505076762 R 17895.051564
17895.496900 X 1 365 -874 00010001 R 17895.051564
17896.482858 S 300 16000147 -918 521076909 R 17896.037522
17897.488588 S 301 16000146 -912 537077055 R 17897.043254
17898.494277 S 302 16000148 -924 553077203 R 17898.048945
17899.479884 S 303 16000146 -912 569077349 R 17899.034553
17900.485682 S 304 16000148 -924 585077497 R 17900.040353
17901.491356 S 305 16000147 -918 601077644 R 17901.046028
17902.497235 S 306 16000147 -918 617077791 R 17902.051909
17903.482606 S 307 16000146 -912 633077937 R 17903.037282
17904.488352 S 308 16000148 -924 649078085 R 17904.043030
17905.494057 S 309 16000147 -918 665078232 R 17905.048738
17905.494057 X 1 365 -874 00010001 R 17905.048738
17906.480057 S 310 16000148 -924 681078380 R 17906.034737
17907.485548 S 311 16000146 -912 697078526 R 17907.040230
17908.491284 S 312 16000147 -918 713078673 R 17908.045969
17909.497050 S 313 16000147 -918 729078820 R 17909.051736
17910.482775 S 314 16000147 -918 745078967 R 17910.037463
17911.488469 S 315 16000147 -918 761079114 R 17911.043159
17912.494258 S 316 16000147 -918 777079261 R 17912.048949
17913.479773 S 317 16000146 -912 793079407 R 17913.034464
17914.485659 S 318 16000148 -924 809079555 R 17914.040352
17915.491295 S 319 16000147 -918 825079702 R 17915.045990
17915.491295 X 1 365 -874 00010001 R 17915.045990
17916.497177 S 320 16000147 -918 841079849 R 17916.051874
17917.482880 S 321 16000147 -918 857079996 R 17917.037577
17918.488521 S 322 16000146 -912 873080142 R 17918.043221
17919.494335 S 323 16000148 -924 889080290 R 17919.049036
17920.479881 S 324 16000147 -918 905080437 R 17920.034583
17921.485636 S 325 16000147 -918 921080584 R 17921.040340
17922.491257 S 326 16000147 -918 937080731 R 17922.045963
17923.497104 S 327 16000147 -918 953080878 R 17923.051810
17924.482732 S 328 16000147 -918 969081025 R 17924.037443
17925.488503 S 329 16000148 -924 985081173 R 17925.043213
17925.488503 X 1 365 -874 00010001 R 17925.043213
17926.494316 S 330 16000146 -912 1001081319 R 17926.049028
17927.479892 S 331 16000147 -918 1017081466 R 17927.034606
17928.485750 S 332 16000146 -912 1033081612 R 17928.040465
17929.491502 S 333 16000147 -918 1049081759 R 17929.046218
17930.497194 S 334 16000147 -918 1065081906 R 17930.051913
17931.482747 S 335 16000148 -924 1081082054 R 17931.037466
17932.488568 S 336 16000147 -918 1097082201 R 17932.043292
17933.494348 S 337 16000146 -912 1113082347 R 17933.049073
17934.479747 S 338 16000146 -912 1129082493 R 17934.034471
17935.485749 S 339 16000148 -924 1145082641 R 17935.040475
17935.485749 X 1 365 -874 00010001 R 17935.040475
17936.491387 S 340 16000147 -918 1161082788 R 17936.046114
17937.497284 S 341 16000147 -918 1177082935 R 17937.052013
17938.482997 S 342 16000147 -918 1193083082 R 17938.037727
17939.488702 S 343 16000146 -912 1209083228 R 17939.043435
17940.494473 S 344 16000148 -924 1225083376 R 17940.049209
17941.480143 S 345 16000147 -918 1241083523 R 17941.034878
17942.485851 S 346 16000147 -918 1257083670 R 17942.040588
17943.491515 S 347 16000146 -912 1273083816 R 17943.046255
17944.497296 S 348 16000147 -918 1289083963 R 17944.052037
17945.483081 S 349 16000148 -924 1305084111 R 17945.037822
17945.483081 X 1 365 -874 00010001 R 17945.037822
17946.488676 S 350 16000147 -918 1321084258 R 17946.043419
17947.494553 S 351 16000147 -918 1337084405 R 17947.049298
17948.480192 S 352 16000146 -912 1353084551 R 17948.034938
17949.485997 S 353 16000147 -918 1369084698 R 17949.040745
17950.491665 S 354 16000146 -912 1385084844 R 17950.046414
17951.477265 S 355 16000148 -924 1401084992 R 17951.032016
17952.482966 S 356 16000148 -924 1417085140 R 17952.037718
17953.488740 S 357 16000145 -906 1433085285 R 17953.043494
17954.494572 S 358 16000147 -918 1449085432 R 17954.049330
17955.480219 S 359 16000147 -918 1465085579 R 17955.034977
17955.480219 X 1 365 -874 00010001 R 17955.034977
17956.486106 S 360 16000147 -918 1481085726 R 17956.040864
17957.491787 S 361 16000148 -924 1497085874 R 17957.046548
17958.477458 S 362 16000146 -912 1513086020 R 17958.032220
17959.483224 S 363 16000147 -918 1529086167 R 17959.037988
17960.488924 S 364 16000147 -918 1545086314 R 17960.043689
17961.494594 S 365 16000147 -918 1561086461 R 17961.049360
17962.480293 S 366 16000148 -924 1577086609 R 17962.035061
17963.485919 S 367 16000145 -906 1593086754 R 17963.040689
17964.491749 S 368 16000147 -918 1609086901 R 17964.046521
17965.477365 S 369 16000147 -918 1625087048 R 17965.032138
17965.477365 X 1 365 -874 00010001 R 17965.032138
17966.483282 S 370 16000147 -918 1641087195 R 17966.038059
17967.489068 S 371 16000148 -924 1657087343 R 17967.043844
17968.494733 S 372 16000146 -912 1673087489 R 17968.049511
17969.480442 S 373 16000147 -918 1689087636 R 17969.035221
17970.486263 S 374 16000147 -918 1705087783 R 17970.041046
17971.491857 S 375 16000146 -912 1721087929 R 17971.046640
17972.477629 S 376 16000148 -924 1737088077 R 17972.032414
17973.483286 S 377 16000146 -912 1753088223 R 17973.038072
17974.489043 S 378 16000147 -918 1769088370 R 17974.043831
17975.494657 S 379 16000147 -918 1785088517 R 17975.049447
17975.494657 X 1 365 -874 00010001 R 17975.049447
17976.480344 S 380 16000148 -924 1801088665 R 17976.035134
17977.486272 S 381 16000146 -912 1817088811 R 17977.041063
17978.492124 S 382 16000147 -918 1833088958 R 17978.046919
17979.477699 S 383 16000147 -918 1849089105 R 17979.032494
17980.484096 S 384 16000146 -912 1865089251 R 17980.038893
17981.489158 S 385 16000147 -918 1881089398 R 17981.043958
17982.494853 S 386 16000148 -924 1897089546 R 17982.049653
17983.480396 S 387 16000147 -918 1913089693 R 17983.035198
17984.486212 S 388 16000146 -912 1929089839 R 17984.041017
17985.492030 S 389 16000147 -918 1945089986 R 17985.046835
17985.492030 X 1 365 -874 00010001 R 17985.046835
17986.477781 S 390 16000146 -912 1961090132 R 17986.032588
17987.483576 S 391 16000148 -924 1977090280 R 17987.038385
17988.489267 S 392 16000147 -918 1993090427 R 17988.044078
17989.474920 S 393 16000146 -912 2009090573 R 17989.029732
17990.480682 S 394 16000147 -918 2025090720 R 17990.035495
17991.486413 S 395 16000147 -918 2041090867 R 17991.041228
17992.491933 S 396 16000147 -918 2057091014 R 17992.046749
17993.477723 S 397 16000147 -918 2073091161 R 17993.032542
17994.483536 S 398 16000146 -912 2089091307 R 17994.038356
17995.489200 S 399 16000147 -918 2105091454 R 17995.044021
17995.489200 X 1 365 -874 00010001 R 17995.044021
17996.475030 S 400 16000147 -918 2121091601 R 17996.029853
17997.480768 S 401 16000147 -918 2137091748 R 17997.035595
17998.486338 S 402 16000147 -918 2153091895 R 17998.041163
17999.492283 S 403 16000147 -918 2169092042 R 17999.047111
18000.477844 S 404 16000146 -912 2185092188 R 18000.032674
18001.483491 S 405 16000147 -918 2201092335 R 18001.038322
18002.489351 S 406 16000147 -918 2217092482 R 18002.044183
18003.474950 S 407 16000147 -918 2233092629 R 18003.029783
18004.480633 S 408 16000147 -918 2249092776 R 18004.035468
18005.486597 S 409 16000146 -912 2265092922 R 18005.041434
18005.486597 X 1 365 -874 00010001 R 18005.041434
18006.492329 S 410 16000147 -918 2281093069 R 18006.047168
18007.478175 S 411 16000148 -924 2297093217 R 18007.033016
18008.483742 S 412 16000147 -918 2313093364 R 18008.038583
18009.489472 S 413 16000146 -912 2329093510 R 18009.044315
18010.475199 S 414 16000147 -918 2345093657 R 18010.030044
18011.480957 S 415 16000147 -918 2361093804 R 18011.035804
18012.486641 S 416 16000146 -912 2377093950 R 18012.041489
18013.492187 S 417 16000148 -924 2393094098 R 18013.047037
18014.477882 S 418 16000146 -912 2409094244 R 18014.032733
18015.483642 S 419 16000146 -912 2425094390 R 18015.038496
18015.483642 X 1 365 -874 00010001 R 18015.038496
18016.489741 S 420 16000148 -924 2441094538 R 18016.044595
18017.475226 S 421 16000147 -918 2457094685 R 18017.030083
18018.481050 S 422 16000147 -918 2473094832 R 18018.035922
18019.486773 S 423 16000146 -912 2489094978 R 18019.041634
18020.492489 S 424 16000147 -918 2505095125 R 18020.047351
18021.478140 S 425 16000147 -918 2521095272 R 18021.033002
18022.483864 S 426 16000147 -918 2537095419 R 18022.038730
18023.489559 S 427 16000147 -918 2553095566 R 18023.044425
18024.475378 S 428 16000146 -912 2569095712 R 18024.030245
18025.480966 S 429 16000147 -918 2585095859 R 18025.035836
18025.480966 X 1 365 -874 00010001 R 18025.035836
18026.486892 S 430 16000147 -918 2601096006 R 18026.041764
18027.492575 S 431 16000148 -924 2617096154 R 18027.047449
18028.478220 S 432 16000146 -912 2633096300 R 18028.033094
18029.483844 S 433 16000147 -918 2649096447 R 18029.038720
18030.489616 S 434 16000146 -912 2665096593 R 18030.044493
18031.475279 S 435 16000148 -924 2681096741 R 18031.030158
18032.481115 S 436 16000146 -912 2697096887 R 18032.035997
18033.486801 S 437 16000148 -924 2713097035 R 18033.041684
18034.472397 S 438 16000146 -912 2729097181 R 18034.027281
18035.478213 S 439 16000147 -918 2745097328 R 18035.033100
18035.478213 X 1 365 -874 00010001 R 18035.033100
18036.483968 S 440 16000147 -918 2761097475 R 18036.038856
18037.489713 S 441 16000146 -912 2777097621 R 18037.044603
18038.475468 S 442 16000148 -924 2793097769 R 18038.030359
18039.481190 S 443 16000145 -906 2809097914 R 18039.036082
18040.486828 S 444 16000147 -918 2825098061 R 18040.041723
18041.472558 S 445 16000147 -918 2841098208 R 18041.027454
18042.478302 S 446 16000148 -924 2857098356 R 18042.033201
18043.484138 S 447 16000147 -918 2873098503 R 18043.039037
18044.489861 S 448 16000146 -912 2889098649 R 18044.044762
18045.475421 S 449 16000146 -912 2905098795 R 18045.030323
18045.475421 X 1 365 -874 00010001 R 18045.030323
18046.481181 S 450 16000147 -918 2921098942 R 18046.036085
18047.487016 S 451 16000147 -918 2937099089 R 18047.041922
18048.472754 S 452 16000148 -924 2953099237 R 18048.027663
18049.478424 S 453 16000145 -906 2969099382 R 18049.033333
18050.483999 S 454 16000147 -918 2985099529 R 18050.038913
18051.489822 S 455 16000147 -918 3001099676 R 18051.044735
18052.475588 S 456 16000147 -918 3017099823 R 18052.030504
18053.481185 S 457 16000147 -918 3033099970 R 18053.036101
18054.486909 S 458 16000147 -918 3049100117 R 18054.041826
18055.472633 S 459 16000147 -918 3065100264 R 18055.027551
18055.472633 X 1 365 -874 00010001 R 18055.027551
18056.478525 S 460 16000147 -918 3081100411 R 18056.033456
18057.484265 S 461 16000147 -918 3097100558 R 18057.039187
18058.489906 S 462 16000147 -918 3113100705 R 18058.044830
18059.475662 S 463 16000146 -912 3129100851 R 18059.030587
18060.481280 S 464 16000146 -912 3145100997 R 18060.036208
18061.487153 S 465 16000147 -918 3161101144 R 18061.042083
18062.472693 S 466 16000148 -924 3177101292 R 18062.027624
18063.478531 S 467 16000146 -912 3193101438 R 18063.033463
18064.484246 S 468 16000147 -918 3209101585 R 18064.039179
18065.489994 S 469 16000147 -918 3225101732 R 18065.044930
18065.489994 X 1 365 -874 00010001 R 18065.044930
18066.475769 S 470 16000147 -918 3241101879 R 18066.030706
18067.481587 S 471 16000147 -918 3257102026 R 18067.036526
18068.487302 S 472 16000147 -918 3273102173 R 18068.042242
18069.472888 S 473 16000146 -912 3289102319 R 18069.027832
18070.478659 S 474 16000147 -918 3305102466 R 18070.033604
18071.484412 S 475 16000146 -912 3321102612 R 18071.039358
18072.490122 S 476 16000147 -918 3337102759 R 18072.045069
18073.475804 S 477 16000147 -918 3353102906 R 18073.030752
18074.481439 S 478 16000148 -924 3369103054 R 18074.036389
18075.487320 S 479 16000146 -912 3385103200 R 18075.042272
18075.487320 X 1 365 -874 00010001 R 18075.042272
18076.472979 S 480 16000146 -912 3401103346 R 18076.027933
18077.478691 S 481 16000147 -918 3417103493 R 18077.033647
18078.484456 S 482 16000148 -924 3433103641 R 18078.039413
18079.470074 S 483 16000147 -918 3449103788 R 18079.025033
18080.475859 S 484 16000146 -912 3465103934 R 18080.030819
18081.481635 S 485 16000147 -918 3481104081 R 18081.036597
18082.487363 S 486 16000147 -918 3497104228 R 18082.042329
18083.472907 S 487 16000147 -918 3513104375 R 18083.027872
18084.478807 S 488 16000147 -918 3529104522 R 18084.033775
18085.484312 S 489 16000146 -912 3545104668 R 18085.039280
18085.484312 X 1 365 -874 00010001 R 18085.039280
18086.470342 S 490 16000147 -918 3561104815 R 18086.025312
18087.476023 S 491 16000146 -912 3577104961 R 18087.030995
18088.481652 S 492 16000148 -924 3593105109 R 18088.036626
18089.487477 S 493 16000147 -918 3609105256 R 18089.042452
18090.473036 S 494 16000146 -912 3625105402 R 18090.028013
18091.478895 S 495 16000147 -918 3641105549 R 18091.033875
18092.484563 S 496 16000146 -912 3657105695 R 18092.039543
18093.470164 S 497 16000148 -924 3673105843 R 18093.025147
18094.475991 S 498 16000146 -912 3689105989 R 18094.030975
18095.481832 S 499 16000147 -918 3705106136 R 18095.036817
18095.481832 X 1 365 -874 00010001 R 18095.036817
18096.487724 S 500 16000146 -912 3721106282 R 18096.042710
18097.473239 S 501 16000147 -918 3737106429 R 18097.028229
18098.478974 S 502 16000148 -924 3753106577 R 18098.033966
18099.484799 S 503 16000146 -912 3769106723 R 18099.039792
18100.470228 S 504 16000146 -912 3785106869 R 18100.025222
18101.476117 S 505 16000147 -918 3801107016 R 18101.031112
18102.481774 S 506 16000147 -918 3817107163 R 18102.036771
18103.487604 S 507 16000147 -918 3833107310 R 18103.042604
18104.473215 S 508 16000147 -918 3849107457 R 18104.028215
18105.478983 S 509 16000146 -912 3865107603 R 18105.033985
18105.478983 X 1 365 -874 00010001 R 18105.033985
18106.484862 S 510 16000147 -918 3881107750 R 18106.039879
18107.470495 S 511 16000146 -912 3897107896 R 18107.025501
18108.476304 S 512 16000147 -918 3913108043 R 18108.031311
18109.482026 S 513 16000148 -924 3929108191 R 18109.037035
18110.487735 S 514 16000146 -912 3945108337 R 18110.042746
18111.473431 S 515 16000147 -918 3961108484 R 18111.028444
18112.479058 S 516 16000147 -918 3977108631 R 18112.034073
18113.484838 S 517 16000146 -912 3993108777 R 18113.039854
18114.470457 S 518 16000147 -918 4009108924 R 18114.025474
18115.476203 S 519 16000147 -918 4025109071 R 18115.031225
18115.476203 X 1 365 -874 00010001 R 18115.031225
18116.482213 S 520 16000147 -918 4041109218 R 18116.037234
18117.467759 S 521 16000147 -918 4057109365 R 18117.022782
18118.473351 S 522 16000147 -918 4073109512 R 18118.028377
18119.479165 S 523 16000147 -918 4089109659 R 18119.034191
18120.484884 S 524 16000146 -912 4105109805 R 18120.039912
18121.470617 S 525 16000146 -912 4121109951 R 18121.025646
18122.476321 S 526 16000147 -918 4137110098 R 18122.031352
18123.482059 S 527 16000147 -918 4153110245 R 18123.037094
18124.467753 S 528 16000148 -924 4169110393 R 18124.022787
18125.473428 S 529 16000145 -906 4185110538 R 18125.028464
18125.473428 X 1 365 -874 00010001 R 18125.028464
18126.479420 S 530 16000147 -918 4201110685 R 18126.034457
18127.485062 S 531 16000147 -918 4217110832 R 18127.040101
18128.470741 S 532 16000147 -918 4233110979 R 18128.025782
18129.476433 S 533 16000148 -924 4249111127 R 18129.031475
18130.482127 S 534 16000145 -906 4265111272 R 18130.037173
18131.467911 S 535 16000147 -918 4281111419 R 18131.022957
18132.473567 S 536 16000147 -918 2144270 R 18132.028616
18133.479218 S 537 16000147 -918 18144417 R 18133.034267
18134.485021 S 538 16000147 -918 34144564 R 18134.040072
18135.470613 S 539 16000146 -912 50144710 R 18135.025666
18135.470613 X 1 365 -874 00010001 R 18135.025666
18136.476356 S 540 16000147 -918 66144857 R 18136.031413
18137.482215 S 541 16000146 -912 82145003 R 18137.037271
18138.467768 S 542 16000147 -918 98145150 R 18138.022826
18139.473476 S 543 16000148 -924 114145298 R 18139.028536
18140.479116 S 544 16000146 -912 130145444 R 18140.034178
18141.485033 S 545 16000147 -918 146145591 R 18141.040095
18142.470528 S 546 16000146 -912 162145737 R 18142.025593
18143.476258 S 547 16000147 -918 178145884 R 18143.031324
18144.482049 S 548 16000147 -918 194146031 R 18144.037118
18145.467524 S 549 16000146 -912 210146177 R 18145.022597
18145.467524 X 1 365 -874 00010001 R 18145.022597
18146.473402 S 550 16000147 -918 226146324 R 18146.028475
18147.479065 S 551 16000146 -912 242146470 R 18147.034138
18148.484814 S 552 16000148 -924 258146618 R 18148.039889
18149.470424 S 553 16000147 -918 274146765 R 18149.025500
18150.476126 S 554 16000146 -912 290146911 R 18150.031204
18151.481952 S 555 16000146 -912 306147057 R 18151.037035
18152.467500 S 556 16000147 -918 322147204 R 18152.022582
18153.473211 S 557 16000147 -918 338147351 R 18153.028295
18154.478874 S 558 16000148 -924 354147499 R 18154.033959
18155.484795 S 559 16000146 -912 370147645 R 18155.039881
18155.484795 X 1 365 -874 00010001 R 18155.039881
18156.470335 S 560 16000146 -912 386147791 R 18156.025423
18157.476084 S 561 16000147 -918 402147938 R 18157.031174
18158.481820 S 562 16000146 -912 418148084 R 18158.036912
18159.467442 S 563 16000148 -924 434148232 R 18159.022535
18160.473201 S 564 16000146 -912 450148378 R 18160.028296
18161.478862 S 565 16000147 -918 466148525 R 18161.033961
18162.484776 S 566 16000146 -912 482148671 R 18162.039874
18163.470141 S 567 16000148 -924 498148819 R 18163.025241
18164.476111 S 568 16000146 -912 514148965 R 18164.031213
18165.481845 S 569 16000146 -912 530149111 R 18165.036948
18165.481845 X 1 365 -874 00010001 R 18165.036948
18166.467321 S 570 16000147 -918 546149258 R 18166.022426
18167.473118 S 571 16000147 -918 562149405 R 18167.028226
18168.479016 S 572 16000147 -918 578149552 R 18168.034126
18169.484494 S 573 16000147 -918 594149699 R 18169.039605
18170.470139 S 574 16000146 -912 610149845 R 18170.025254
18171.475912 S 575 16000147 -918 626149992 R 18171.031026
18172.481684 S 576 16000147 -918 642150139 R 18172.036799
18173.467270 S 577 16000147 -918 658150286 R 18173.022387
18174.473108 S 578 16000147 -918 674150433 R 18174.028229
18175.478762 S 579 16000146 -912 690150579 R 18175.033883
18175.478762 X 1 365 -874 00010001 R 18175.033883
18176.464469 S 580 16000147 -918 706150726 R 18176.019592
18177.470223 S 581 16000146 -912 722150872 R 18177.025348
18178.476053 S 582 16000147 -918 738151019 R 18178.031179
18179.481686 S 583 16000148 -924 754151167 R 18179.036813
18180.467170 S 584 16000145 -906 770151312 R 18180.022299
18181.473046 S 585 16000147 -918 786151459 R 18181.028177
18182.478863 S 586 16000147 -918 802151606 R 18182.033995
18183.464457 S 587 16000146 -912 818151752 R 18183.019592
18184.470131 S 588 16000148 -924 834151900 R 18184.025267
18185.475915 S 589 16000146 -912 850152046 R 18185.031053
18185.475915 X 1 365 -874 00010001 R 18185.031053
18186.481655 S 590 16000147 -918 866152193 R 18186.036795
18187.467331 S 591 16000146 -912 882152339 R 18187.022473
18188.473046 S 592 16000147 -918 898152486 R 18188.028190
18189.478765 S 593 16000147 -918 914152633 R 18189.033909
18190.464274 S 594 16000146 -912 930152779 R 18190.019421
18191.470129 S 595 16000147 -918 946152926 R 18191.025278
18192.475937 S 596 16000146 -912 962153072 R 18192.031087
18193.481644 S 597 16000147 -918 978153219 R 18193.036797
18194.467201 S 598 16000148 -924 994153367 R 18194.022355
18195.472889 S 599 16000146 -912 1010153513 R 18195.028044
18195.472889 X 1 365 -874 00010001 R 18195.028044
18196.478817 S 600 16000146 -912 1026153659 R 18196.033975
18197.464343 S 601 16000147 -918 1042153806 R 18197.019501
18198.470187 S 602 16000146 -912 1058153952 R 18198.025348
18199.475992 S 603 16000148 -924 1074154100 R 18199.031154
18200.481749 S 604 16000146 -912 1090154246 R 18200.036913
18201.467238 S 605 16000147 -918 1106154393 R 18201.022404
18202.473056 S 606 16000146 -912 1122154539 R 18202.028224
18203.478772 S 607 16000148 -924 1138154687 R 18203.033941
18204.464370 S 608 16000145 -906 1154154832 R 18204.019542
18205.470214 S 609 16000147 -918 1170154979 R 18205.025387
18205.470214 X 1 365 -874 00010001 R 18205.025387
18206.475969 S 610 16000147 -918 1186155126 R 18206.031144
18207.481814 S 611 16000147 -918 1202155273 R 18207.036989
18208.467379 S 612 16000147 -918 1218155420 R 18208.022556
18209.473257 S 613 16000146 -912 1234155566 R 18209.028436
