19322.904147 S 20 16000518 -3237 336020751 R 19322.461098
19322.904147 S 21 16000509 -3181 352021260 R 19322.461098
19322.904147 S 22 16000337 -2106 368021597 R 19322.461098
19322.904147 S 23 16000692 -4324 384022289 R 19322.461098
19322.904650 S 24 16000562 -3512 400022851 R 19322.461599
19322.904650 S 25 16000386 -2412 416023237 R 19322.461599
19322.904650 S 26 16000101 -631 432023338 R 19322.461599
19322.904650 S 27 16000557 -3481 448023895 R 19322.461599
19322.904854 S 28 16000678 -4237 464024573 R 19322.461801
19323.169681 S 29 16000603 -3768 480025176 R 19322.726631
19323.169681 X 1 376 -437 00010001 R 19322.726631
19324.155458 S 30 16000324 -2024 496025500 R 19323.712409
19325.161131 S 31 16000084 -524 512025584 R 19324.718086
19326.166863 S 32 15999836 1025 528025420 R 19325.723818
19327.152387 S 33 15999629 2318 544025049 R 19326.709344
19328.158006 S 34 15999588 2575 560024637 R 19327.714965
19329.163690 S 35 15999591 2556 576024228 R 19328.720652
19330.169309 S 36 15999656 2150 592023884 R 19329.726272
19331.154794 S 37 15999529 2943 608023413 R 19330.711759
19332.160479 S 38 15999473 3293 624022886 R 19331.717445
19333.166133 S 39 16000692 -4324 640023578 R 19332.723100
19333.166133 X 1 376 -437 00010001 R 19332.723100
19334.151874 S 40 16001390 -8686 656024968 R 19333.708846
19335.157678 S 41 16000778 -4862 672025746 R 19334.714650
19336.163257 S 42 16001309 -8180 688027055 R 19335.720229
19337.169080 S 43 16001356 -8474 704028411 R 19336.726055
19338.154737 S 44 16001225 -7655 720029636 R 19337.711713
19339.160471 S 45 16001069 -6680 736030705 R 19338.717450
19340.166187 S 46 16001018 -6362 752031723 R 19339.723167
19341.151841 S 47 16000759 -4743 768032482 R 19340.708823
19342.157538 S 48 16000335 -2093 784032817 R 19341.714525
19343.163069 S 49 16000071 -443 800032888 R 19342.720053
19343.163069 X 1 376 -437 00010001 R 19342.720053
19344.168985 S 50 16000263 -1643 816033151 R 19343.725972
19345.154544 S 51 16000190 -1187 832033341 R 19344.711532
19346.160141 S 52 15999855 906 848033196 R 19345.717131
19347.165883 S 53 15999900 625 864033096 R 19346.722876
19348.151524 S 54 16000214 -1337 880033310 R 19347.708517
19349.157142 S 55 16000312 -1949 896033622 R 19348.714137
19350.162878 S 56 16000693 -4331 912034315 R 19349.719875
19351.168645 S 57 16000644 -4024 928034959 R 19350.725644
19352.154070 S 58 16000612 -3824 944035571 R 19351.711071
19353.159880 S 59 16000420 -2624 960035991 R 19352.716882
19353.159880 X 1 376 -437 00010001 R 19352.716882
19354.165749 S 60 16000116 -724 976036107 R 19353.722753
19355.151211 S 61 16000391 -2443 992036498 R 19354.708217
19356.156934 S 62 16000672 -4199 1008037170 R 19355.713941
19357.162621 S 63 16000649 -4056 1024037819 R 19356.719630
19358.168246 S 64 16000286 -1787 1040038105 R 19357.725259
19359.153847 S 65 16000314 -1962 1056038419 R 19358.710861
19360.159486 S 66 15999997 18 1072038416 R 19359.716501
19361.165138 S 67 15999868 825 1088038284 R 19360.722156
19362.150740 S 68 16000562 -3512 1104038846 R 19361.707757
19363.156517 S 69 16000592 -3699 1120039438 R 19362.713537
19363.156517 X 1 376 -437 00010001 R 19362.713537
19364.162235 S 70 16000045 -281 1136039483 R 19363.719259
19365.168149 S 71 16000733 -4581 1152040216 R 19364.725173
19366.153587 S 72 16001107 -6918 1168041323 R 19365.710612
19367.159491 S 73 16001227 -7668 1184042550 R 19366.716518
19368.165220 S 74 16001135 -7093 1200043685 R 19367.722251
19369.150675 S 75 16001344 -8399 1216045029 R 19368.707705
19370.156535 S 76 16001410 -8811 1232046439 R 19369.713568
19371.162257 S 77 16001252 -7824 1248047691 R 19370.719291
19372.167955 S 78 16001193 -7455 1264048884 R 19371.724990
19373.153586 S 79 16000483 -3018 1280049367 R 19372.710625
19373.153586 X 1 376 -437 00010001 R 19372.710625
19374.159430 S 80 16000066 -412 1296049433 R 19373.716469
19375.165081 S 81 16000239 -1493 1312049672 R 19374.722123
19376.150721 S 82 16000134 -837 1328049806 R 19375.707765
19377.156320 S 83 16000012 -74 1344049818 R 19376.713365
19378.162066 S 84 15999912 550 1360049730 R 19377.719113
19379.167773 S 85 16000165 -1031 1376049895 R 19378.724821
19380.153445 S 86 16000079 -493 1392049974 R 19379.710496
19381.159092 S 87 16000035 -218 1408050009 R 19380.716143
19382.164674 S 88 16000328 -2049 1424050337 R 19381.721729
19383.150190 S 89 15999977 143 1440050314 R 19382.707248
19383.150190 X 1 376 -437 00010001 R 19382.707248
19384.155950 S 90 16000142 -887 1456050456 R 19383.713007
19385.161727 S 91 16000215 -1343 1472050671 R 19384.718787
19386.167428 S 92 15999876 775 1488050547 R 19385.724492
19387.153012 S 93 15999901 618 1504050448 R 19386.710075
19388.158605 S 94 15999873 793 1520050321 R 19387.715670
19389.164315 S 95 16000841 -5255 1536051162 R 19388.721382
19390.150036 S 96 16001555 -9717 1552052717 R 19389.707103
19391.155704 S 97 16001413 -8830 1568054130 R 19390.712774
19392.161527 S 98 16001381 -8630 1584055511 R 19391.718598
19393.167213 S 99 16001451 -9067 1600056962 R 19392.724285
19393.167213 X 1 376 -437 00010001 R 19392.724285
19394.153110 S 100 16001637 -10230 1616058599 R 19393.710186
19395.158949 S 101 16001737 -10855 1632060336 R 19394.716025
19396.164677 S 102 16001491 -9317 1648061827 R 19395.721755
19397.150461 S 103 16001068 -6674 1664062895 R 19396.707541
19398.156058 S 104 16000580 -3624 1680063475 R 19397.713141
19399.161799 S 105 16000617 -3856 1696064092 R 19398.718883
19400.167540 S 106 16000742 -4637 1712064834 R 19399.724626
19401.153183 S 107 16000460 -2874 1728065294 R 19400.710271
19402.158921 S 108 16000829 -5180 1744066123 R 19401.716011
19403.164702 S 109 16000466 -2912 1760066589 R 19402.721795
19403.164702 X 1 376 -437 00010001 R 19402.721795
19404.150368 S 110 16000331 -2068 1776066920 R 19403.707461
19405.156107 S 111 16000756 -4724 1792067676 R 19404.713202
19406.161964 S 112 16000788 -4924 1808068464 R 19405.719060
19407.167647 S 113 16000838 -5237 1824069302 R 19406.724746
19408.153240 S 114 16001018 -6362 1840070320 R 19407.710339
19409.159035 S 115 16000935 -5843 1856071255 R 19408.716137
19410.164915 S 116 16001062 -6637 1872072317 R 19409.722019
19411.150736 S 117 16001389 -8680 1888073706 R 19410.707842
19412.156185 S 118 16001173 -7330 1904074879 R 19411.713292
19413.162180 S 119 16000945 -5905 1920075824 R 19412.719288
19413.162180 X 1 376 -437 00010001 R 19412.719288
19414.167862 S 120 16000775 -4843 1936076599 R 19413.724973
19415.153686 S 121 16000901 -5630 1952077500 R 19414.710798
19416.159360 S 122 16000968 -6049 1968078468 R 19415.716474
19417.165213 S 123 16001023 -6393 1984079491 R 19416.722329
19418.150684 S 124 16000840 -5249 2000080331 R 19417.707802
19419.156478 S 125 16000889 -5555 2016081220 R 19418.713599
19420.162391 S 126 16000670 -4187 2032081890 R 19419.719513
19421.147807 S 127 16000468 -2924 2048082358 R 19420.704930
19422.153694 S 128 16000230 -1437 2064082588 R 19421.710817
19423.159333 S 129 16000245 -1531 2080082833 R 19422.716460
19423.159333 X 1 376 -437 00010001 R 19422.716460
19424.165210 S 130 16000496 -3099 2096083329 R 19423.722339
19425.150685 S 131 16000448 -2799 2112083777 R 19424.707815
19426.156460 S 132 16000615 -3843 2128084392 R 19425.713592
19427.162220 S 133 16000839 -5243 2144085231 R 19426.719353
19428.147863 S 134 16000899 -5618 2160086130 R 19427.704999
19429.153570 S 135 16000563 -3518 2176086693 R 19428.710707
19430.159245 S 136 16000427 -2668 2192087120 R 19429.716383
19431.164921 S 137 16000004 -24 2208087124 R 19430.722062
19432.150473 S 138 16000426 -2662 2224087550 R 19431.707616
19433.156275 S 139 16000292 -1824 2240087842 R 19432.713418
19433.156275 X 1 376 -437 00010001 R 19432.713418
19434.162182 S 140 16000460 -2874 2256088302 R 19433.719328
19435.147739 S 141 16000103 -643 2272088405 R 19434.704887
19436.153431 S 142 16000025 -156 2288088430 R 19435.710580
19437.159045 S 143 16000318 -1987 2304088748 R 19436.716199
19438.164924 S 144 16000963 -6018 2320089711 R 19437.722078
19439.150356 S 145 16000823 -5143 2336090534 R 19438.707510
19440.156211 S 146 16000804 -5024 2352091338 R 19439.713368
19441.161939 S 147 16000850 -5312 2368092188 R 19440.719097
19442.147571 S 148 16000399 -2493 2384092587 R 19441.704730
19443.153199 S 149 16000624 -3899 2400093211 R 19442.710360
19443.153199 X 1 376 -437 00010001 R 19442.710360
19444.159091 S 150 16000783 -4893 2416093994 R 19443.716255
19445.164928 S 151 16000659 -4118 2432094653 R 19444.722095
19446.150542 S 152 16001083 -6768 2448095736 R 19445.707709
19447.156235 S 153 16000770 -4812 2464096506 R 19446.713403
19448.161964 S 154 16000898 -5612 2480097404 R 19447.719134
19449.147649 S 155 16001398 -8736 2496098802 R 19448.704822
19450.153492 S 156 16001392 -8699 2512100194 R 19449.710665
19451.159376 S 157 16001417 -8855 2528101611 R 19450.716558
19452.165084 S 158 16001377 -8605 2544102988 R 19451.722262
19453.150752 S 159 16001067 -6668 2560104055 R 19452.707932
19453.150752 X 1 376 -437 00010001 R 19452.707932
19454.156661 S 160 16000439 -2743 2576104494 R 19453.713843
19455.162316 S 161 16000790 -4937 2592105284 R 19454.719499
19456.148083 S 162 16000905 -5655 2608106189 R 19455.705267
19457.153838 S 163 16000621 -3881 2624106810 R 19456.711025
19458.159712 S 164 16000463 -2893 2640107273 R 19457.716901
19459.165319 S 165 16000490 -3062 2656107763 R 19458.722509
19460.150994 S 166 16000640 -3999 2672108403 R 19459.708187
19461.156712 S 167 16000605 -3781 2688109008 R 19460.713906
19462.162490 S 168 16000882 -5512 2704109890 R 19461.719685
19463.148007 S 169 16000917 -5730 2720110807 R 19462.705204
19463.148007 X 1 376 -437 00010001 R 19462.705204
19464.153877 S 170 16001338 -8361 2736112145 R 19463.711076
19465.159694 S 171 16000916 -5724 2752113061 R 19464.716896
19466.165301 S 172 16000956 -5974 2768114017 R 19465.722506
19467.150998 S 173 16000779 -4868 2784114796 R 19466.708207
19468.156738 S 174 16001162 -7261 2800115958 R 19467.713943
19469.162573 S 175 16001016 -6349 2816116974 R 19468.719780
19470.148019 S 176 16000478 -2987 2832117452 R 19469.705230
19471.153765 S 177 16000281 -1756 2848117733 R 19470.710977
19472.159552 S 178 16000199 -1243 2864117932 R 19471.716767
19473.165230 S 179 16000051 -318 2880117983 R 19472.722445
19473.165230 X 1 376 -437 00010001 R 19472.722445
19474.150975 S 180 16000136 -849 2896118119 R 19473.708192
19475.156622 S 181 16000060 -374 2912118179 R 19474.713839
19476.162344 S 182 15999996 25 2928118175 R 19475.719565
19477.147803 S 183 16000122 -762 2944118297 R 19476.705026
19478.153580 S 184 16000466 -2912 2960118763 R 19477.710805
19479.159184 S 185 16000326 -2037 2976119089 R 19478.716409
19480.165084 S 186 16000737 -4606 2992119826 R 19479.722311
19481.150551 S 187 16000597 -3731 3008120423 R 19480.707780
19482.156489 S 188 16000869 -5430 3024121292 R 19481.713720
19483.162101 S 189 16001228 -7674 3040122520 R 19482.719334
19483.162101 X 1 376 -437 00010001 R 19482.719334
19484.147942 S 190 16001225 -7655 3056123745 R 19483.705178
19485.153603 S 191 16001008 -6299 3072124753 R 19484.710839
19486.159376 S 192 16000584 -3649 3088125337 R 19485.716614
19487.165128 S 193 16000621 -3881 3104125958 R 19486.722368
19488.150672 S 194 16001044 -6524 3120127002 R 19487.707913
19489.156424 S 195 16000780 -4874 3136127782 R 19488.713667
19490.162282 S 196 16000951 -5943 3152128733 R 19489.719528
19491.147901 S 197 16000879 -5493 3168129612 R 19490.705151
19492.153713 S 198 16001160 -7249 3184130772 R 19491.710962
19493.159474 S 199 16001183 -7393 3200131955 R 19492.716726
19493.159474 X 1 376 -437 00010001 R 19492.716726
19494.145156 S 200 16001024 -6399 3216132979 R 19493.702408
19495.151025 S 201 16000880 -5499 3232133859 R 19494.708279
19496.156751 S 202 16001036 -6474 3248134895 R 19495.714006
19497.162497 S 203 16000837 -5230 3264135732 R 19496.719754
19498.148153 S 204 16000880 -5499 3280136612 R 19497.705428
19499.153930 S 205 16000847 -5293 3296137459 R 19498.711192
19500.159642 S 206 16000832 -5199 3312138291 R 19499.716907
19501.145238 S 207 16000980 -6124 3328139271 R 19500.702503
19502.150939 S 208 15999941 368 3344139212 R 19501.708206
19503.156752 S 209 15999379 3881 3360138591 R 19502.714023
19503.156752 X 1 376 -437 00010001 R 19502.714023
19504.162499 S 210 15999738 1637 3376138329 R 19503.719770
19505.148012 S 211 15999741 1618 3392138070 R 19504.705285
19506.153744 S 212 15999539 2881 3408137609 R 19505.711018
19507.159271 S 213 15999280 4500 3424136889 R 19506.716547
19508.144826 S 214 15998875 7031 3440135764 R 19507.702104
19509.150377 S 215 15999419 3631 3456135183 R 19508.707655
19510.156113 S 216 16000892 -5574 3472136075 R 19509.713395
19511.161900 S 217 16000325 -2031 3488136400 R 19510.719183
19512.147353 S 218 16000372 -2324 3504136772 R 19511.704639
19513.153131 S 219 16000370 -2312 3520137142 R 19512.710417
19513.153131 X 1 376 -437 00010001 R 19512.710417
19514.159069 S 220 16000596 -3724 3536137738 R 19513.716358
19515.144648 S 221 16000576 -3599 3552138314 R 19514.701940
19516.150482 S 222 16000736 -4599 3568139050 R 19515.707774
19517.156201 S 223 16000919 -5743 3584139969 R 19516.713494
19518.161927 S 224 16001187 -7418 3600141156 R 19517.719223
19519.147545 S 225 16000673 -4206 3616141829 R 19518.704843
19520.153317 S 226 16000565 -3531 3632142394 R 19519.710617
19521.159035 S 227 16000724 -4524 3648143118 R 19520.716336
19522.144675 S 228 16000631 -3943 3664143749 R 19521.701977
19523.150577 S 229 16000718 -4487 3680144467 R 19522.707882
19523.150577 X 1 376 -437 00010001 R 19522.707882
19524.156217 S 230 16000451 -2818 3696144918 R 19523.713524
19525.161921 S 231 16000663 -4143 3712145581 R 19524.719230
19526.147667 S 232 16000811 -5068 3728146392 R 19525.704976
19527.153371 S 233 16000560 -3499 3744146952 R 19526.710683
19528.159079 S 234 16000416 -2599 3760147368 R 19527.716393
19529.144710 S 235 16000298 -1862 3776147666 R 19528.702025
19530.150487 S 236 16000464 -2899 3792148130 R 19529.707807
19531.156223 S 237 16000743 -4643 3808148873 R 19530.713542
19532.161971 S 238 16000589 -3681 3824149462 R 19531.719292
19533.147707 S 239 16000335 -2093 3840149797 R 19532.705029
19533.147707 X 1 376 -437 00010001 R 19532.705029
19534.153451 S 240 16000373 -2331 3856150170 R 19533.710774
19535.159124 S 241 16000681 -4256 3872150851 R 19534.716450
19536.144830 S 242 16000721 -4506 3888151572 R 19535.702157
19537.150535 S 243 16000349 -2181 3904151921 R 19536.707864
19538.156238 S 244 16000218 -1362 3920152139 R 19537.713569
19539.162009 S 245 15999967 206 3936152106 R 19538.719342
19540.147550 S 246 16000347 -2168 3952152453 R 19539.704885
19541.153256 S 247 16000393 -2456 3968152846 R 19540.710593
19542.158966 S 248 16000484 -3024 3984153330 R 19541.716304
19543.144512 S 249 16000335 -2093 4000153665 R 19542.701855
19543.144512 X 1 376 -437 00010001 R 19542.701855
19544.150156 S 250 16000156 -974 4016153821 R 19543.707498
19545.156053 S 251 16000255 -1593 4032154076 R 19544.713397
19546.161690 S 252 16000400 -2499 4048154476 R 19545.719035
19547.147244 S 253 16000181 -1131 4064154657 R 19546.704591
19548.153010 S 254 15999856 900 4080154513 R 19547.710360
19549.158698 S 255 16000353 -2206 4096154866 R 19548.716050
19550.144433 S 256 16000419 -2618 4112155285 R 19549.701787
19551.150089 S 257 16000428 -2674 4128155713 R 19550.707445
19552.155695 S 258 16000561 -3506 4144156274 R 19551.713051
19553.161604 S 259 16000638 -3987 4160156912 R 19552.718961
19553.161604 X 1 376 -437 00010001 R 19552.718961
19554.147250 S 260 16000293 -1831 4176157205 R 19553.704610
19555.152886 S 261 16000209 -1306 4192157414 R 19554.710249
19556.158695 S 262 16000330 -2062 4208157744 R 19555.716059
19557.144234 S 263 16000610 -3812 4224158354 R 19556.701599
19558.149945 S 264 16000719 -4493 4240159073 R 19557.707311
19559.155649 S 265 16000501 -3131 4256159574 R 19558.713020
19560.161370 S 266 16000551 -3443 4272160125 R 19559.718740
19561.147024 S 267 16000359 -2243 4288160484 R 19560.704396
19562.152736 S 268 16000275 -1718 9193463 R 19561.710110
19563.158548 S 269 15999903 606 25193366 R 19562.715924
19563.158548 X 1 376 -437 00010001 R 19562.715924
19564.143956 S 270 16000004 -24 41193370 R 19563.701334
19565.149674 S 271 15999533 2918 57192903 R 19564.707053
19566.155465 S 272 16000479 -2993 73193382 R 19565.712846
19567.140899 S 273 16000553 -3456 89193935 R 19566.698281
19568.146654 S 274 16000713 -4456 105194648 R 19567.704039
19569.152317 S 275 16000519 -3243 121195167 R 19568.709703
19570.158205 S 276 16000425 -2656 137195592 R 19569.715593
19571.143780 S 277 16000746 -4662 153196338 R 19570.701171
19572.149377 S 278 16000865 -5405 169197203 R 19571.706769
19573.155357 S 279 16000694 -4337 185197897 R 19572.712751
19573.155357 X 1 376 -437 00010001 R 19572.712751
19574.141019 S 280 16000665 -4156 201198562 R 19573.698415
19575.146883 S 281 16001017 -6355 217199579 R 19574.704283
19576.152445 S 282 16000838 -5237 233200417 R 19575.709844
19577.158206 S 283 16000769 -4806 249201186 R 19576.715607
19578.143901 S 284 16000647 -4043 265201833 R 19577.701304
19579.149616 S 285 16000823 -5143 281202656 R 19578.707021
19580.155137 S 286 16001165 -7280 297203821 R 19579.712544
19581.140808 S 287 16001418 -8861 313205239 R 19580.698216
19582.146628 S 288 16000511 -3193 329205750 R 19581.704039
19583.152296 S 289 16000152 -949 345205902 R 19582.709711
19583.152296 X 1 376 -437 00010001 R 19582.709711
19584.158072 S 290 16000213 -1331 361206115 R 19583.715487
19585.143712 S 291 16000459 -2868 377206574 R 19584.701128
19586.149214 S 292 16000531 -3318 393207105 R 19585.706631
19587.154924 S 293 16000310 -1937 409207415 R 19586.712346
19588.140715 S 294 16000236 -1474 425207651 R 19587.698136
19589.146292 S 295 16000255 -1593 441207906 R 19588.703716
19590.151925 S 296 16000281 -1756 457208187 R 19589.709350
19591.157632 S 297 16000501 -3131 473208688 R 19590.715059
19592.143372 S 298 16000456 -2849 489209144 R 19591.700801
19593.148967 S 299 16000446 -2787 505209590 R 19592.706397
19593.148967 X 1 376 -437 00010001 R 19592.706397
19594.154643 S 300 16000238 -1487 521209828 R 19593.712075
19595.140388 S 301 16000373 -2331 537210201 R 19594.697822
19596.145995 S 302 16000581 -3631 553210782 R 19595.703430
19597.151842 S 303 16000277 -1731 569211059 R 19596.709278
19598.157440 S 304 16000443 -2768 585211502 R 19597.714878
19599.143131 S 305 16000638 -3987 601212140 R 19598.700572
19600.148792 S 306 16000989 -6180 617213129 R 19599.706234
19601.154511 S 307 16001026 -6412 633214155 R 19600.711957
19602.139998 S 308 16001158 -7236 649215313 R 19601.697452
19603.145682 S 309 16000754 -4712 665216067 R 19602.703130
19603.145682 X 1 376 -437 00010001 R 19602.703130
19604.151715 S 310 16000720 -4499 681216787 R 19603.709179
19605.157345 S 311 16000416 -2599 697217203 R 19604.714797
19606.143011 S 312 16001288 -8049 713218491 R 19605.700465
19607.148740 S 313 16001289 -8055 729219780 R 19606.706195
19608.154539 S 314 16001322 -8261 745221102 R 19607.711996
19609.140096 S 315 16001059 -6618 761222161 R 19608.697554
19610.145946 S 316 16001210 -7561 777223371 R 19609.703406
19611.151624 S 317 16001032 -6449 793224403 R 19610.709086
19612.157381 S 318 16000717 -4481 809225120 R 19611.714847
19613.142974 S 319 16000789 -4931 825225909 R 19612.700441
19613.142974 X 1 376 -437 00010001 R 19612.700441
19614.148844 S 320 16000182 -1137 841226091 R 19613.706312
19615.154494 S 321 16000087 -543 857226178 R 19614.711963
19616.140155 S 322 16000341 -2131 873226519 R 19615.697641
19617.145688 S 323 16000067 -418 889226586 R 19616.703161
19618.151405 S 324 16000238 -1487 905226824 R 19617.708879
19619.157179 S 325 16000516 -3224 921227340 R 19618.714655
19620.142689 S 326 16000090 -562 937227430 R 19619.700168
19621.148299 S 327 16000084 -524 953227514 R 19620.705779
19622.154184 S 328 16000156 -974 969227670 R 19621.711667
19623.139663 S 329 16000253 -1581 985227923 R 19622.697147
19623.139663 X 1 376 -437 00010001 R 19622.697147
19624.145369 S 330 16000396 -2474 1001228319 R 19623.702855
19625.151076 S 331 15999871 806 1017228190 R 19624.708563
19626.156909 S 332 16000152 -949 1033228342 R 19625.714413
19627.142309 S 333 16000280 -1749 1049228622 R 19626.699800
19628.147979 S 334 16000099 -618 1065228721 R 19627.705473
19629.153738 S 335 16000583 -3643 1081229304 R 19628.711233
19630.139327 S 336 16000348 -2174 1097229652 R 19629.696823
19631.145052 S 337 15999737 1643 1113229389 R 19630.702550
19632.150670 S 338 16000305 -1906 1129229694 R 19631.708170
19633.156418 S 339 16000034 -212 1145229728 R 19632.713920
19633.156418 X 1 376 -437 00010001 R 19632.713920
19634.142195 S 340 16000301 -1881 1161230029 R 19633.699699
19635.147948 S 341 16000267 -1668 1177230296 R 19634.705454
19636.153612 S 342 16000098 -612 1193230394 R 19635.711119
19637.139102 S 343 16000275 -1718 1209230669 R 19636.696611
19638.144842 S 344 16000828 -5174 1225231497 R 19637.702354
19639.150743 S 345 16001690 -10561 1241233187 R 19638.708255
19640.156568 S 346 16001539 -9617 1257234726 R 19639.714083
19641.142314 S 347 16001457 -9105 1273236183 R 19640.699832
19642.148007 S 348 16001434 -8961 1289237617 R 19641.705525
19643.153805 S 349 16001347 -8418 1305238964 R 19642.711325
19643.153805 X 1 376 -437 00010001 R 19642.711325
19644.139584 S 350 16001607 -10042 1321240571 R 19643.697107
19645.145516 S 351 16001581 -9880 1337242152 R 19644.703039
19646.151191 S 352 16001165 -7280 1353243317 R 19645.708717
19647.156939 S 353 16000951 -5943 1369244268 R 19646.714466
19648.142617 S 354 16000970 -6062 1385245238 R 19647.700146
19649.148334 S 355 16000794 -4962 1401246032 R 19648.705866
19650.154079 S 356 16000889 -5555 1417246921 R 19649.711612
19651.139684 S 357 16000341 -2131 1433247262 R 19650.697219
19652.145345 S 358 16000676 -4224 1449247938 R 19651.702881
19653.151169 S 359 16000482 -3012 1465248420 R 19652.708707
19653.151169 X 1 376 -437 00010001 R 19652.708707
19654.157078 S 360 16000876 -5474 1481249296 R 19653.714617
19655.142712 S 361 16001134 -7086 1497250430 R 19654.700254
19656.148320 S 362 16000947 -5918 1513251377 R 19655.705864
19657.154199 S 363 16000618 -3862 1529251995 R 19656.711746
19658.139826 S 364 16000876 -5474 1545252871 R 19657.697373
19659.145527 S 365 16000944 -5899 1561253815 R 19658.703078
19660.151299 S 366 16000819 -5118 1577254634 R 19659.708850
19661.157060 S 367 16000950 -5937 1593255584 R 19660.714614
19662.142704 S 368 16000665 -4156 1609256249 R 19661.700258
19663.148456 S 369 15999744 1600 1625255993 R 19662.706014
19663.148456 X 1 376 -437 00010001 R 19662.706014
19664.154316 S 370 15999795 1281 1641255788 R 19663.711873
19665.139843 S 371 16000153 -956 1657255941 R 19664.697418
19666.145530 S 372 16000391 -2443 1673256332 R 19665.703094
19667.151233 S 373 16000262 -1637 1689256594 R 19666.708797
19668.136615 S 374 15999301 4368 1705255895 R 19667.694180
19669.142305 S 375 15999801 1243 1721255696 R 19668.699873
19670.148076 S 376 15999986 87 1737255682 R 19669.705646
19671.153699 S 377 16000349 -2181 1753256031 R 19670.711270
19672.139343 S 378 16000543 -3393 1769256574 R 19671.696916
19673.145085 S 379 16000420 -2624 1785256994 R 19672.702659
19673.145085 X 1 376 -437 00010001 R 19672.702659
19674.150791 S 380 16000007 -43 1801257001 R 19673.708367
19675.136366 S 381 16000163 -1018 1817257164 R 19674.693943
19676.142142 S 382 15999899 631 1833257063 R 19675.699722
19677.147771 S 383 16000385 -2406 1849257448 R 19676.705353
19678.153488 S 384 16000353 -2206 1865257801 R 19677.711072
19679.139192 S 385 16000948 -5924 1881258749 R 19678.696777
19680.145013 S 386 16000658 -4112 1897259407 R 19679.702601
19681.150807 S 387 16001008 -6299 1913260415 R 19680.708395
19682.136352 S 388 16001225 -7655 1929261640 R 19681.693942
19683.142172 S 389 16000991 -6193 1945262631 R 19682.699766
19683.142172 X 1 376 -437 00010001 R 19682.699766
19684.148064 S 390 16001598 -9986 1961264229 R 19683.705659
19685.153860 S 391 16001069 -6680 1977265298 R 19684.711456
19686.139497 S 392 16001129 -7055 1993266427 R 19685.697095
19687.145254 S 393 16000814 -5087 2009267241 R 19686.702853
19688.150995 S 394 16000880 -5499 2025268121 R 19687.708596
19689.136866 S 395 16000879 -5493 2041269000 R 19688.694469
19690.142419 S 396 16000593 -3706 2057269593 R 19689.700024
19691.148133 S 397 16000949 -5930 2073270542 R 19690.705741
19692.153915 S 398 16001271 -7943 2089271813 R 19691.711523
19693.139632 S 399 16001525 -9530 2105273338 R 19692.697242
19693.139632 X 1 376 -437 00010001 R 19692.697242
19694.145511 S 400 16001134 -7086 2121274472 R 19693.703123
19695.151289 S 401 16000597 -3731 2137275069 R 19694.708903
19696.136932 S 402 16000302 -1887 2153275371 R 19695.694548
19697.142635 S 403 16000414 -2587 2169275785 R 19696.700252
19698.148239 S 404 16000257 -1606 2185276042 R 19697.705859
19699.154031 S 405 16000286 -1787 2201276328 R 19698.711655
19700.139604 S 406 16000339 -2118 2217276667 R 19699.697227
19701.145271 S 407 16000004 -24 2233276671 R 19700.702897
19702.150953 S 408 16000281 -1756 2249276952 R 19701.708580
19703.136614 S 409 16000240 -1499 2265277192 R 19702.694243
19703.136614 X 1 376 -437 00010001 R 19702.694243
19704.142421 S 410 16000052 -324 2281277244 R 19703.700052
19705.148222 S 411 16000055 -343 2297277299 R 19704.705855
19706.153699 S 412 15999874 787 2313277173 R 19705.711334
19707.139252 S 413 15999892 675 2329277065 R 19706.696888
19708.144875 S 414 15999629 2318 2345276694 R 19707.702513
19709.150763 S 415 15999832 1050 2361276526 R 19708.708402
19710.136184 S 416 16000456 -2849 2377276982 R 19709.693825
19711.141970 S 417 16000942 -5887 2393277924 R 19710.699614
19712.147804 S 418 16000986 -6162 2409278910 R 19711.705450
19713.153550 S 419 16001074 -6712 2425279984 R 19712.711197
19713.153550 X 1 376 -437 00010001 R 19712.711197
19714.139390 S 420 16001419 -8867 2441281403 R 19713.697038
19715.144977 S 421 16000982 -6137 2457282385 R 19714.702628
19716.150996 S 422 16001161 -7255 2473283546 R 19715.708648
19717.136666 S 423 16001347 -8418 2489284893 R 19716.694320
19718.142485 S 424 16000922 -5762 2505285815 R 19717.700143
19719.148254 S 425 16000614 -3837 2521286429 R 19718.705912
19720.153805 S 426 16000586 -3662 2537287015 R 19719.711465
19721.139616 S 427 16000463 -2893 2553287478 R 19720.697279
19722.145301 S 428 16000404 -2524 2569287882 R 19721.702964
19723.151056 S 429 16000469 -2931 2585288351 R 19722.708723
19723.151056 X 1 376 -437 00010001 R 19722.708723
19724.136714 S 430 16000256 -1599 2601288607 R 19723.694380
19725.142413 S 431 16000326 -2037 2617288933 R 19724.700082
19726.148096 S 432 16000664 -4149 2633289597 R 19725.705767
19727.153911 S 433 16000818 -5112 2649290415 R 19726.711586
19728.139524 S 434 16000778 -4862 2665291193 R 19727.697198
19729.145188 S 435 16000681 -4256 2681291874 R 19728.702864
19730.150895 S 436 16000671 -4193 2697292545 R 19729.708572
19731.136677 S 437 16000749 -4681 2713293294 R 19730.694359
19732.142304 S 438 16000902 -5637 2729294196 R 19731.699987
19733.148180 S 439 16000865 -5405 2745295061 R 19732.705863
19733.148180 X 1 376 -437 00010001 R 19732.705863
19734.133911 S 440 16000910 -5687 2761295971 R 19733.691595
19735.139624 S 441 15999926 462 2777295897 R 19734.697310
19736.145100 S 442 15999730 1687 2793295627 R 19735.702789
19737.150865 S 443 15999712 1800 2809295339 R 19736.708555
19738.136287 S 444 15999760 1500 2825295099 R 19737.693981
19739.141972 S 445 15999903 606 2841295002 R 19738.699666
19740.147624 S 446 15999814 1162 2857294816 R 19739.705320
19741.133139 S 447 15999899 631 2873294715 R 19740.690836
19742.139058 S 448 16000137 -856 2889294852 R 19741.696758
19743.144738 S 449 16001476 -9224 2905296328 R 19742.702439
19743.144738 X 1 376 -437 00010001 R 19742.702439
19744.150587 S 450 16001270 -7936 2921297598 R 19743.708292
19745.136053 S 451 16000904 -5649 2937298502 R 19744.693757
19746.141958 S 452 16001502 -9386 2953300004 R 19745.699664
19747.147738 S 453 16001549 -9680 2969301553 R 19746.705447
19748.133390 S 454 16001251 -7818 2985302804 R 19747.691100
19749.139194 S 455 16000840 -5249 3001303644 R 19748.696907
19750.144988 S 456 16000988 -6174 3017304632 R 19749.702704
19751.150638 S 457 16000613 -3831 3033305245 R 19750.708354
19752.136312 S 458 16000616 -3849 3049305861 R 19751.694029
19753.141906 S 459 16000343 -2143 3065306204 R 19752.699626
19753.141906 X 1 376 -437 00010001 R 19752.699626
19754.147921 S 460 16000270 -1687 3081306474 R 19753.705642
19755.133634 S 461 16000324 -2024 3097306798 R 19754.691358
19756.139273 S 462 16000469 -2931 3113307267 R 19755.696998
19757.145068 S 463 16000283 -1768 3129307550 R 19756.702795
19758.150501 S 464 16000362 -2262 3145307912 R 19757.708234
19759.136251 S 465 16001013 -6330 3161308925 R 19758.693981
19760.142007 S 466 16001036 -6474 3177309961 R 19759.699739
19761.147671 S 467 16000997 -6230 3193310958 R 19760.705406
19762.133464 S 468 16000976 -6099 3209311934 R 19761.691203
19763.139270 S 469 16000819 -5118 3225312753 R 19762.697007
19763.139270 X 1 376 -437 00010001 R 19762.697007
19764.145129 S 470 16000640 -3999 3241313393 R 19763.702870
19765.150710 S 471 16000472 -2949 3257313865 R 19764.708452
19766.136323 S 472 16000621 -3881 3273314486 R 19765.694066
19767.141898 S 473 16000439 -2743 3289314925 R 19766.699644
19768.147734 S 474 16000223 -1393 3305315148 R 19767.705481
19769.133377 S 475 16000418 -2612 3321315566 R 19768.691126
19770.139159 S 476 16000669 -4181 3337316235 R 19769.696909
19771.144841 S 477 16000296 -1849 3353316531 R 19770.702593
19772.150543 S 478 16000155 -968 3369316686 R 19771.708298
19773.136137 S 479 16000127 -793 3385316813 R 19772.693893
19773.136137 X 1 376 -437 00010001 R 19772.693893
19774.141996 S 480 15999900 625 3401316713 R 19773.699754
19775.147599 S 481 16000889 -5555 3417317602 R 19774.705358
19776.133216 S 482 16000887 -5543 3433318489 R 19775.690978
19777.139025 S 483 16000859 -5368 3449319348 R 19776.696789
19778.144813 S 484 16000800 -4999 3465320148 R 19777.702578
19779.150457 S 485 16000874 -5462 3481321022 R 19778.708224
19780.136268 S 486 16001189 -7430 3497322211 R 19779.694036
19781.142050 S 487 16001211 -7568 3513323422 R 19780.699821
19782.147732 S 488 16001037 -6480 3529324459 R 19781.705504
19783.133373 S 489 16000988 -6174 3545325447 R 19782.691148
19783.133373 X 1 376 -437 00010001 R 19782.691148
19784.139284 S 490 16001276 -7974 3561326723 R 19783.697061
19785.145178 S 491 16001426 -8911 3577328149 R 19784.702957
19786.150952 S 492 16001567 -9792 3593329716 R 19785.708732
19787.136535 S 493 16001535 -9592 3609331251 R 19786.694320
19788.142364 S 494 16001492 -9324 3625332743 R 19787.700148
19789.148201 S 495 16001621 -10130 3641334364 R 19788.705985
19790.133683 S 496 16001692 -10573 3657336056 R 19789.691471
19791.139344 S 497 16000054 -337 3673336110 R 19790.697133
19792.145146 S 498 16000000 0 3689336110 R 19791.702937
19793.150834 S 499 16000028 -174 3705336138 R 19792.708626
19793.150834 X 1 376 -437 00010001 R 19792.708626
19794.136524 S 500 16000016 -99 3721336154 R 19793.694321
19795.142147 S 501 16000034 -212 3737336188 R 19794.699943
19796.147842 S 502 15999935 406 3753336123 R 19795.705640
19797.133445 S 503 15999723 1731 3769335846 R 19796.691245
19798.139147 S 504 16000245 -1531 3785336091 R 19797.696950
19799.144901 S 505 16001568 -9799 3801337659 R 19798.702704
19800.150741 S 506 16001746 -10911 3817339405 R 19799.708547
19801.136368 S 507 16001604 -10023 3833341009 R 19800.694175
19802.142011 S 508 16001584 -9899 3849342593 R 19801.699820
19803.148026 S 509 16001466 -9161 3865344059 R 19802.705837
19803.148026 X 1 376 -437 00010001 R 19802.705837
19804.133676 S 510 16001482 -9261 3881345541 R 19803.691488
19805.139534 S 511 16001227 -7668 3897346768 R 19804.697348
19806.145402 S 512 16001303 -8143 3913348071 R 19805.703218
19807.151047 S 513 16000840 -5249 3929348911 R 19806.708866
19808.136663 S 514 16000597 -3731 3945349508 R 19807.694484
19809.142491 S 515 16000944 -5899 3961350452 R 19808.700314
19810.148138 S 516 16000576 -3599 3977351028 R 19809.705962
19811.133808 S 517 16000529 -3306 3993351557 R 19810.691634
19812.139497 S 518 16000490 -3062 4009352047 R 19811.697327
19813.145128 S 519 16000417 -2606 4025352464 R 19812.702957
19813.145128 X 1 376 -437 00010001 R 19812.702957
19814.131021 S 520 16000337 -2106 4041352801 R 19813.688852
19815.136699 S 521 16001374 -8586 4057354175 R 19814.694533
19816.142578 S 522 16002155 -13466 4073356330 R 19815.700413
19817.148384 S 523 16001948 -12173 4089358278 R 19816.706223
19818.134149 S 524 16001923 -12017 4105360201 R 19817.691986
19819.139770 S 525 16001830 -11436 4121362031 R 19818.697610
19820.145694 S 526 16001864 -11648 4137363895 R 19819.703536
19821.131388 S 527 16001413 -8830 4153365308 R 19820.689232
19822.137229 S 528 16001568 -9799 4169366876 R 19821.695076
19823.142982 S 529 16001199 -7493 4185368075 R 19822.700829
19823.142982 X 1 376 -437 00010001 R 19822.700829
19824.148992 S 530 16001175 -7343 4201369250 R 19823.706842
19825.134352 S 531 16001116 -6974 4217370366 R 19824.692202
19826.140221 S 532 16001253 -7830 4233371619 R 19825.698074
19827.146027 S 533 16001239 -7743 4249372858 R 19826.703881
19828.131820 S 534 16001228 -7674 4265374086 R 19827.689676
19829.137435 S 535 16001000 -6249 4281375086 R 19828.695294
19830.143268 S 536 16001017 -6355 2408807 R 19829.701131
19831.149016 S 537 16000557 -3481 18409364 R 19830.706879
19832.134548 S 538 16000403 -2518 34409767 R 19831.692412
19833.140241 S 539 16000816 -5099 50410583 R 19832.698106
19833.140241 X 1 376 -437 00010001 R 19832.698106
19834.146129 S 540 16000205 -1281 66410788 R 19833.703996
19835.131674 S 541 16000165 -1031 82410953 R 19834.689544
19836.137299 S 542 16000139 -868 98411092 R 19835.695170
19837.143042 S 543 16000070 -437 114411162 R 19836.700915
19838.148617 S 544 15999912 550 130411074 R 19837.706492
19839.134194 S 545 16001043 -6518 146412117 R 19838.692070
19840.140072 S 546 16001419 -8867 162413536 R 19839.697950
19841.145712 S 547 16001644 -10273 178415180 R 19840.703593
19842.131422 S 548 16001434 -8961 194416614 R 19841.689306
19843.137296 S 549 16001639 -10242 210418253 R 19842.695180
19843.137296 X 1 376 -437 00010001 R 19842.695180
19844.143115 S 550 16001382 -8636 226419635 R 19843.701001
19845.148943 S 551 16001384 -8649 242421019 R 19844.706830
19846.134570 S 552 16001522 -9511 258422541 R 19845.692460
19847.140382 S 553 16000432 -2699 274422973 R 19846.698273
19848.145863 S 554 15999833 1043 290422806 R 19847.703757
19849.131473 S 555 15999422 3612 306422228 R 19848.689367
19850.136999 S 556 15999699 1881 322421927 R 19849.694905
19851.142637 S 557 15999641 2243 338421568 R 19850.700536
19852.148439 S 558 15999590 2562 354421158 R 19851.706339
19853.134114 S 559 15999777 1393 370420935 R 19852.692016
19853.134114 X 1 376 -437 00010001 R 19852.692016
19854.139797 S 560 15999362 3987 386420297 R 19853.697703
19855.145354 S 561 16000445 -2781 402420742 R 19854.703262
19856.131084 S 562 16000854 -5337 418421596 R 19855.688992
19857.136850 S 563 16000903 -5643 434422499 R 19856.694759
19858.142478 S 564 16000692 -4324 450423191 R 19857.700392
19859.148217 S 565 16000551 -3443 466423742 R 19858.706130
19860.133740 S 566 16000534 -3337 482424276 R 19859.691656
19861.139478 S 567 16000582 -3637 498424858 R 19860.697394
19862.145211 S 568 16000635 -3968 514425493 R 19861.703130
19863.130665 S 569 16000396 -2474 530425889 R 19862.688585
19863.130665 X 1 376 -437 00010001 R 19862.688585
19864.136653 S 570 16000276 -1724 546426165 R 19863.694578
19865.142204 S 571 16000226 -1412 562426391 R 19864.700128
19866.147906 S 572 16000123 -768 578426514 R 19865.705832
19867.133582 S 573 16000111 -693 594426625 R 19866.691510
19868.139212 S 574 16000088 -549 610426713 R 19867.697141
19869.144910 S 575 16000105 -656 626426818 R 19868.702842
19870.130453 S 576 16000497 -3106 642427315 R 19869.688386
19871.136195 S 577 16000754 -4712 658428069 R 19870.694130
19872.141941 S 578 16001145 -7155 674429214 R 19871.699877
19873.147672 S 579 16000653 -4081 690429867 R 19872.705612
19873.147672 X 1 376 -437 00010001 R 19872.705612
19874.133335 S 580 16000739 -4618 706430606 R 19873.691275
19875.139122 S 581 16000800 -4999 722431406 R 19874.697064
19876.144900 S 582 16000933 -5830 738432339 R 19875.702843
19877.130458 S 583 16001000 -6249 754433339 R 19876.688406
19878.136217 S 584 16001318 -8236 770434657 R 19877.694165
19879.141739 S 585 16000614 -3837 786435271 R 19878.699690
19880.147635 S 586 16000087 -543 802435358 R 19879.705587
19881.133244 S 587 16000387 -2418 818435745 R 19880.691197
19882.138813 S 588 16000006 -37 834435751 R 19881.696768
19883.144516 S 589 15999907 581 850435658 R 19882.702473
19883.144516 X 1 376 -437 00010001 R 19882.702473
19884.130306 S 590 16000050 -312 866435708 R 19883.688265
19885.135787 S 591 15999955 281 882435663 R 19884.693748
19886.141684 S 592 15999774 1412 898435437 R 19885.699648
19887.147219 S 593 15999977 143 914435414 R 19886.705183
19888.132915 S 594 16000384 -2399 930435798 R 19887.690882
19889.138612 S 595 16000943 -5893 946436741 R 19888.696580
19890.144146 S 596 16000666 -4162 962437407 R 19889.702116
19891.129935 S 597 16000726 -4537 978438133 R 19890.687907
19892.135478 S 598 16000525 -3281 994438658 R 19891.693452
19893.141317 S 599 16000964 -6024 1010439622 R 19892.699293
19893.141317 X 1 376 -437 00010001 R 19892.699293
19894.147123 S 600 16000906 -5662 1026440528 R 19893.705101
19895.132833 S 601 16000179 -1118 1042440707 R 19894.690812
19896.138446 S 602 15999844 975 1058440551 R 19895.696426
19897.144081 S 603 15999929 443 1074440480 R 19896.702064
19898.129700 S 604 16000296 -1849 1090440776 R 19897.687684
19899.135269 S 605 16000353 -2206 1106441129 R 19898.693255
19900.141022 S 606 16000038 -237 1122441167 R 19899.699021
19901.146788 S 607 16000114 -712 1138441281 R 19900.704778
19902.132275 S 608 15999973 168 1154441254 R 19901.690267
19903.138018 S 609 15999982 112 1170441236 R 19902.696012
19903.138018 X 1 376 -437 00010001 R 19902.696012
19904.143777 S 610 16000387 -2418 1186441623 R 19903.701772
19905.129351 S 611 16000285 -1781 1202441908 R 19904.687349
19906.135161 S 612 16000232 -1449 1218442140 R 19905.693160
19907.140901 S 613 15999818 1137 1234441958 R 19906.698903
19908.146393 S 614 15999909 568 1250441867 R 19907.704396
19909.131889 S 615 15999707 1831 1266441574 R 19908.689894
19910.137559 S 616 15999554 2787 1282441128 R 19909.695566
19911.143298 S 617 15999967 206 1298441095 R 19910.701308
19912.128927 S 618 16000299 -1868 1314441394 R 19911.686936
19913.134568 S 619 15999900 625 1330441294 R 19912.692581
19913.134568 X 1 376 -437 00010001 R 19912.692581
19914.140452 S 620 15999993 43 1346441287 R 19913.698467
19915.146123 S 621 15999876 775 1362441163 R 19914.704138
19916.131746 S 622 15999858 887 1378441021 R 19915.689763
19917.137193 S 623 16000035 -218 1394441056 R 19916.695212
19918.143000 S 624 16000226 -1412 1410441282 R 19917.701025
19919.128658 S 625 16000211 -1318 1426441493 R 19918.686681
19920.134265 S 626 16000727 -4543 1442442220 R 19919.692291
19921.140082 S 627 16001011 -6318 1458443231 R 19920.698108
19922.125610 S 628 16000855 -5343 1474444086 R 19921.683640
19923.131486 S 629 16001220 -7624 1490445306 R 19922.689516
19923.131486 X 1 376 -437 00010001 R 19922.689516
